60,1546716366.88,18,2655,0.185163285799,5,64.0,0.666666666667,3,1.48449545001,65535,2,2,57.0
60,1546716551.88,34,11234,6.24928874508,2,64.0,0.5,2,6.22670177692,65535,2,2,nan
60,1546716973.8,16,2415,0.0519292637654,4,64.0,0.666666666667,3,1.66159328056,65535,2,2,57.0
60,1546717588.21,16,2554,0.0885396467544,4,64.0,0.666666666667,3,1.53257514398,65535,2,2,57.0
60,1546718255.8,37,6883,4.94322493415,8,64.0,0.75,4,88957.259577,65535,3,3,57.0
60,1546718803.12,23,3774,0.413142582969,5,64.0,0.666666666667,3,3393.99922356,65535,2,4,57.0
60,1546718983.23,14,1493,0.05470898663,3,64.0,0.666666666667,3,1.73246112667,65535,1,1,nan
60,1546719043.23,276,20522,0.764955812584,6,64.0,0.666666666667,3,65.4008287175,65535,3,3,nan
60,1546719404.33,12,1958,0.666618271522,3,64.0,0.666666666667,3,10.6537964722,1386,2,4,57.0
60,1546719769.87,4062,302790,0.162771687552,7,64.0,0.75,4,9151963.10627,65535,3,3,57.0
60,1546720074.38,12,969,1.39276707264,4,64.0,0.75,4,3.50379820028,8212,1,2,nan
60,1546720318.51,22,5538,0.0877432624777,3,64.0,0.666666666667,3,169.602079507,65535,1,1,nan
60,1546720864.9,24,3528,6.25859423381,4,64.0,0.666666666667,3,37219.2698154,65535,2,2,57.0
60,1546721350.76,24,3341,4.70725516338,5,64.0,0.666666666667,3,70275.2207062,65535,2,2,57.0
60,1546721896.08,21,3014,6.60644515377,5,64.0,0.666666666667,3,9433.48906037,65535,2,2,57.0
60,1546722316.68,23,3146,6.41328674352,5,64.0,0.666666666667,3,8670.30065288,65535,2,2,57.0
60,1546722921.12,18,3037,0.150385977274,4,64.0,0.666666666667,3,4.91836721418,65535,2,2,57.0
60,1546723584.78,41,8142,4.42798916433,7,64.0,0.75,4,262741.692365,65535,3,3,57.0
60,1546723705.06,47,25790,0.101042223442,4,64.0,0.666666666667,3,11.3914618165,65535,1,1,nan
60,1546724547.96,16,2416,0.836282257153,5,64.0,0.666666666667,3,1.43653695728,65535,2,2,57.0
60,1546724608.1,27,2555,0.0887408356352,3,64.0,0.666666666667,3,5.52413194858,65535,1,1,17.0
60,1546724968.98,37,8006,8.17934860697,6,64.0,0.75,4,426708.177438,65535,3,3,57.0
60,1546725329.86,20,3197,0.0694931939948,5,64.0,0.666666666667,3,5322.05217,65535,2,2,57.0
60,1546725631.63,18,2574,0.594757197101,5,64.0,0.666666666667,3,1.7948210571,65535,2,2,57.0
60,1546725873.23,21,3619,0.533891343306,4,64.0,0.666666666667,3,5.08455280797,65535,1,2,57.0
60,1546726355.36,87,20591,2.72177712423,7,64.0,0.75,4,2207289.85555,65535,4,4,57.0
60,1546726475.68,44,20668,0.266029049562,2,64.0,1.0,2,32.2281887154,65535,0,0,nan
60,1546726716.27,58,9822,4.71412442159,3,64.0,0.5,2,79.962822071,65535,1,2,nan
60,1546727139.62,21,2614,0.581947810677,4,64.0,0.666666666667,3,3.61421773657,65535,2,2,57.0
60,1546727319.97,45,18426,0.102925172474,4,64.0,0.666666666667,3,44.5652597453,65535,1,1,nan
60,1546727802.04,25,4808,6.09439108325,6,64.0,0.75,4,71464.7583852,65535,2,2,57.0
60,1546727862.42,123,13571,0.139765209567,3,64.0,0.5,2,44.5972243404,65535,1,1,nan
60,1546728163.39,24,3887,0.0777912177125,5,64.0,0.666666666667,3,5.82152779432,65535,1,1,nan
60,1546728283.65,15,1048,0.924502355794,4,64.0,1.0,2,40.2464685946,2212,0,0,nan
60,1546728403.96,13,975,6.87417124236,5,64.0,1.0,2,66025.1382112,2212,0,0,nan
60,1546729186.5,25,3631,6.20624862253,5,64.0,0.666666666667,3,36542.6311751,65535,2,2,57.0
60,1546729728.31,75,6925,1.06107682575,5,64.0,0.666666666667,3,12.2211167565,65535,3,3,nan
60,1546730931.81,52,17855,0.503133590063,7,64.0,0.75,4,2240.29596155,65535,3,3,57.0
60,1546731172.55,10,1076,0.0546084484315,5,64.0,0.75,4,0.885194045141,65535,2,2,57.0
60,1546731232.55,16,2294,7.71736526348,2,64.0,1.0,2,1493.6822234,65535,0,0,57.0
60,1546732135.27,21,3331,0.169673634623,3,64.0,0.666666666667,3,7.03496954557,65535,2,2,57.0
60,1546732556.67,22,3698,0.546914834769,4,64.0,0.666666666667,3,105.544765083,65535,2,3,57.0
60,1546733278.77,23,3777,0.424471679476,5,64.0,0.666666666667,3,4.85191896555,65535,2,4,57.0
60,1546734542.16,71,14568,0.58515386179,8,64.0,0.75,4,154.797930526,65535,3,6,57.0
60,1546735324.75,18,2620,0.403233979534,4,64.0,0.666666666667,3,2.92366934229,65535,2,2,57.0
60,1546735806.28,18,2868,6.37415723593,5,64.0,0.5,4,9871.37744809,65535,2,2,57.0
60,1546736528.18,19,2698,7.11188662669,4,64.0,0.666666666667,3,10632.5273162,65535,2,2,57.0
60,1546738031.87,30,5116,0.126640631478,6,64.0,0.75,4,4.82033896865,65535,3,3,57.0
60,1546738212.23,72,19284,0.387765755373,4,64.0,0.666666666667,3,35.4964999602,65535,1,2,nan
60,1546739297.14,20,3378,0.268485111721,5,64.0,0.75,4,4.90182142545,65535,2,2,57.0
60,1546739837.47,19,2721,0.294170579073,5,64.0,0.666666666667,3,2.10326673335,65535,2,2,57.0
60,1546740562.58,71,6626,0.0575204166462,4,64.0,0.5,2,7.97493813865,65535,3,3,nan
60,1546741104.98,47,22152,0.0788167627463,6,64.0,0.75,4,5.56378378378,65535,3,3,57.0
60,1546741405.86,13,1044,0.147374024639,3,64.0,1.0,3,9.06197222848,1622,0,0,nan
60,1546741766.78,51,16491,6.3272802501,5,64.0,0.75,4,249424.465237,65535,3,3,57.0
60,1546742549.06,18,3039,0.152899800287,4,64.0,0.666666666667,3,4.33553560081,65535,2,2,57.0
60,1546743571.88,17,2659,0.0516986905926,4,64.0,0.666666666667,3,4.0877111673,65535,2,2,57.0
60,1546744896.19,20,2916,6.86930157376,4,64.0,0.666666666667,3,5827.8393279,65535,2,2,57.0
60,1546745377.37,49,11655,0.540600061073,4,64.0,0.666666666667,3,18.9738413976,65535,1,4,nan
60,1546745437.37,22,2963,6.58211795213,6,64.0,0.75,4,94242.4229488,65535,2,2,57.0
60,1546746761.46,33,7975,0.125075892779,6,64.0,0.75,4,17.6518681862,65535,3,3,57.0
60,1546747423.32,25,3667,6.15961447612,3,64.0,0.666666666667,3,43260.6146252,65535,2,2,57.0
60,1546748745.74,17,2624,0.0678479606332,4,64.0,0.666666666667,3,2.23284287057,65535,2,2,57.0
60,1546748926.07,53,12807,0.322551313186,5,64.0,0.666666666667,3,197.640322659,65535,1,2,nan
60,1546749407.19,27,2991,5.96232792498,7,64.0,0.75,4,27177.4967172,65535,2,2,57.0
60,1546749767.25,13,3007,0.069933090924,2,64.0,0.5,2,1.63726535468,65535,1,1,nan
60,1546750670.67,93,17385,3.22020541557,9,64.0,0.75,4,876521.068619,65535,4,5,57.0
60,1546751273.36,15,2316,0.045923365311,4,64.0,0.666666666667,3,2.13308713597,65535,2,2,57.0
60,1546751454.02,72,6622,0.795587806244,5,64.0,0.666666666667,3,8.05348232486,65535,3,3,nan
60,1546752660.72,39,15627,0.197954628599,5,64.0,0.666666666667,3,5.35379789171,65535,1,1,nan
60,1546753563.57,24,4469,0.904830036805,3,64.0,0.666666666667,3,8.90443510285,65535,1,2,nan
60,1546753924.58,21,2841,6.79600080053,5,64.0,0.666666666667,3,5799.77143216,65535,2,2,57.0
60,1546754586.52,30,4852,0.0847127964717,7,64.0,0.75,4,15.6965157328,65535,3,3,57.0
60,1546754646.61,34,5566,4.50860697789,5,64.0,0.666666666667,3,252280.326207,65535,1,1,nan
60,1546755068.28,292,68755,0.285807017686,15,64.0,0.75,4,139.346662102,65535,10,10,57.0
60,1546755248.82,33,4488,0.515148890058,3,64.0,0.666666666667,3,3.05553309825,65535,1,1,nan
60,1546755609.83,36,21235,0.123634566423,4,64.0,0.666666666667,3,98.7621574245,65535,1,1,nan
60,1546755730.07,28,6939,0.382328668823,3,64.0,0.666666666667,3,8.30304306947,65535,1,1,nan
60,1546756151.57,2712,211547,0.0819172289055,10,64.0,0.666666666667,3,3350274.96067,65535,4,4,nan
120,1546716306.88,18,2655,0.185163285799,5,64.0,0.666666666667,3,1.48449545001,65535,2,2,57.0
120,1546716548.57,34,11234,6.24928874508,2,64.0,0.5,2,6.22670177692,65535,2,2,nan
120,1546716908.9,16,2415,0.0519292637654,4,64.0,0.666666666667,3,1.66159328056,65535,2,2,57.0
120,1546717028.98,12,2068,18.0100082269,3,64.0,0.666666666667,3,2270.37055107,65535,1,1,nan
120,1546717634.24,21,3013,14.124537551,5,64.0,0.666666666667,3,24728.4672257,65535,2,2,57.0
120,1546718238.12,37,6883,4.94322493415,8,64.0,0.75,4,88957.259577,65535,3,3,57.0
120,1546718720.64,23,3774,0.413142582969,5,64.0,0.666666666667,3,3393.99922356,65535,2,4,57.0
120,1546718962.94,292,22241,4.36720356459,7,64.0,0.75,4,67.7165156828,65535,4,4,nan
120,1546719323.22,17,2463,21.0158075005,3,64.0,0.666666666667,3,300977.115096,1386,2,4,57.0
120,1546719689.8,1731,131413,2.14108596741,7,64.0,0.75,4,15381544.4775,65535,3,3,57.0
120,1546719812.88,2333,171520,0.184237518911,3,64.0,1.0,2,2832813.76137,8212,0,0,nan
120,1546720056.42,17,1395,17.2268200127,4,64.0,0.75,4,3.50379820028,8212,1,4,nan
120,1546720300.76,22,5538,0.0877432624777,3,64.0,0.666666666667,3,169.602079507,65535,1,1,nan
120,1546720782.33,19,3104,0.152221497548,4,64.0,0.666666666667,3,4.02368297063,65535,2,2,57.0
120,1546721273.91,24,3341,4.70725516338,5,64.0,0.666666666667,3,70275.2207062,65535,2,2,57.0
120,1546721876.07,23,3240,8.84077853695,5,64.0,0.666666666667,3,9433.48906037,65535,2,2,57.0
120,1546722237.42,23,3146,6.41328674352,5,64.0,0.666666666667,3,8670.30065288,65535,2,2,57.0
120,1546722841.13,18,3037,0.150385977274,4,64.0,0.666666666667,3,4.91836721418,65535,2,2,57.0
120,1546723081.63,14,1238,11.0291307566,2,64.0,1.0,2,114107.325127,1386,0,0,nan
120,1546723563.72,48,9362,4.09432233284,7,64.0,0.75,4,1038228.1249,65535,3,5,57.0
120,1546723684.74,49,26016,0.721936080806,4,64.0,0.666666666667,3,11.3914618165,65535,1,1,nan
120,1546724528.12,43,4971,7.55703837109,6,64.0,0.666666666667,3,42001.2619965,65535,3,3,33.0
120,1546725008.28,41,8329,4.35278295178,6,64.0,0.75,4,351227.194915,65535,3,3,57.0
120,1546725369.86,20,3197,0.0694931939948,5,64.0,0.666666666667,3,5322.05217,65535,2,2,57.0
120,1546725610.18,18,2574,0.594757197101,5,64.0,0.666666666667,3,1.7948210571,65535,2,2,57.0
120,1546725850.62,25,3977,6.17217453199,4,64.0,0.666666666667,3,636357.761136,65535,1,2,57.0
120,1546726331.14,87,20591,2.72177712423,7,64.0,0.75,4,2207289.85555,65535,4,4,57.0
120,1546726451.27,45,20769,9.23584672846,3,64.0,1.0,2,800795.129084,65535,0,0,nan
120,1546726692.13,58,9822,4.71412442159,3,64.0,0.5,2,79.962822071,65535,1,2,nan
120,1546727174.75,26,3038,5.47631296869,4,64.0,0.666666666667,3,61470.0249255,65535,2,2,57.0
120,1546727295.43,47,18593,5.37517233765,4,64.0,0.666666666667,3,251333.688994,65535,1,1,nan
120,1546727776.25,25,4808,6.09439108325,6,64.0,0.75,4,71464.7583852,65535,2,2,57.0
120,1546727897.04,127,13976,5.65729129356,4,64.0,0.666666666667,3,1960144.17851,65535,1,1,nan
120,1546728137.86,24,3887,0.0777912177125,5,64.0,0.666666666667,3,5.82152779432,65535,1,1,nan
120,1546728258.02,18,1246,7.55164474728,4,64.0,1.0,2,585053.421497,2212,0,0,nan
120,1546728378.63,13,975,6.87417124236,5,64.0,1.0,2,66025.1382112,2212,0,0,nan
120,1546729101.41,23,3534,8.4062038767,5,64.0,0.666666666667,3,33760.0857738,65535,2,2,57.0
120,1546729702.6,75,6925,1.06107682575,5,64.0,0.666666666667,3,12.2211167565,65535,3,3,nan
120,1546730906.75,56,18213,3.33488875512,7,64.0,0.75,4,314569.471773,65535,3,3,57.0
120,1546731147.1,26,3370,6.06316241656,6,64.0,0.75,4,4655.22898591,65535,2,2,57.0
120,1546732110.19,26,3755,6.06348704706,4,64.0,0.666666666667,3,35391.5089546,65535,2,2,57.0
120,1546732471.37,22,3698,0.546914834769,4,64.0,0.666666666667,3,105.544765083,65535,2,3,57.0
120,1546732712.1,11,981,18.2943517081,2,64.0,1.0,2,125901.684109,1386,0,0,nan
120,1546733193.5,23,3777,0.424471679476,5,64.0,0.666666666667,3,4.85191896555,65535,2,4,57.0
120,1546734517.16,73,14766,3.32326582199,8,64.0,0.75,4,5850785.1315,65535,3,6,57.0
120,1546735359.85,22,2978,6.54917138654,4,64.0,0.666666666667,3,89515.2457892,65535,2,2,57.0
120,1546735721.01,24,3245,12.0548892586,6,64.0,0.75,4,226941.426712,65535,2,2,57.0
120,1546736442.63,17,2519,0.076742055435,4,64.0,0.666666666667,3,90.4145622728,65535,2,2,57.0
120,1546738004.92,34,5474,5.1860536322,6,64.0,0.75,4,63693.1816952,65535,3,3,57.0
120,1546738124.92,73,19397,5.44691559654,4,64.0,0.666666666667,3,35.4964999602,65535,1,2,nan
120,1546738245.7,11,882,7.50574010439,4,64.0,1.0,3,30248.0733897,1664,0,0,nan
120,1546739327.26,26,3973,5.77686956269,6,64.0,0.75,4,152574.374101,65535,2,2,57.0
120,1546739807.45,23,3079,6.47927048708,5,64.0,0.666666666667,3,106540.59333,65535,2,2,57.0
120,1546740530.63,75,6960,0.761724045095,5,64.0,0.666666666667,3,8.60230637903,65535,3,3,nan
120,1546741133.48,54,22790,8.87204986759,6,64.0,0.75,4,289745.844798,65535,3,3,57.0
120,1546741375.7,13,1044,0.147374024639,3,64.0,1.0,3,9.06197222848,1622,0,0,nan
120,1546741736.58,56,16950,7.11908657324,5,64.0,0.75,4,401628.906592,65535,3,3,57.0
120,1546742578.83,16,2315,7.66851816896,4,64.0,0.666666666667,3,4164.57872498,65535,1,1,57.0
120,1546743541.67,23,3243,11.7993101166,4,64.0,0.666666666667,3,6181.44581849,65535,2,2,57.0
120,1546744862.84,20,2916,6.86930157376,4,64.0,0.666666666667,3,5827.8393279,65535,2,2,57.0
120,1546745343.26,67,14323,6.58174607349,7,64.0,0.75,4,9197193.16797,65535,3,6,57.0
120,1546746784.55,39,8500,4.79383605888,7,64.0,0.75,4,131484.114351,65535,3,3,57.0
120,1546747385.08,25,3667,6.15961447612,3,64.0,0.666666666667,3,43260.6146252,65535,2,2,57.0
120,1546748706.02,22,3048,6.58881905159,4,64.0,0.666666666667,3,4885.00016871,65535,2,2,57.0
120,1546748946.03,59,13351,6.90648785386,6,64.0,0.75,4,2095276.7783,65535,1,2,nan
120,1546749306.77,19,2272,0.0394060205739,4,64.0,0.666666666667,3,4.33107709062,65535,2,2,57.0
120,1546749667.07,20,3574,19.7897783553,3,64.0,0.666666666667,3,58945.6658391,65535,1,1,nan
120,1546750627.86,93,17385,3.22020541557,9,64.0,0.75,4,876521.068619,65535,4,5,57.0
120,1546751228.34,19,2674,7.10724849011,4,64.0,0.666666666667,3,2682.87909859,65535,2,2,57.0
120,1546751468.59,74,6778,6.73769522058,6,64.0,0.75,4,1582393.69116,65535,3,3,nan
120,1546752669.52,39,15627,0.197954628599,5,64.0,0.666666666667,3,5.35379789171,65535,1,1,nan
120,1546753510.4,24,4469,0.904830036805,3,64.0,0.666666666667,3,8.90443510285,65535,1,2,nan
120,1546753870.69,21,2841,6.79600080053,5,64.0,0.666666666667,3,5799.77143216,65535,2,2,57.0
120,1546754591.3,64,10418,3.29126388007,8,64.0,0.75,4,738357.179667,65535,4,4,57.0
120,1546755071.73,293,68821,3.39377992286,15,64.0,0.75,4,22718274.366,65535,10,10,57.0
120,1546755191.83,33,4488,0.515148890058,3,64.0,0.666666666667,3,3.05553309825,65535,1,1,nan
120,1546755432.1,11,876,16.2887935876,3,64.0,1.0,2,97745.2426225,2085,0,0,nan
120,1546755552.24,38,21461,10.5753600069,4,64.0,0.666666666667,3,98.7621574245,65535,1,1,nan
120,1546755672.34,28,6939,0.382328668823,3,64.0,0.666666666667,3,8.30304306947,65535,1,1,nan
120,1546756152.75,2712,211547,0.0819172289055,10,64.0,0.666666666667,3,3350274.96067,65535,4,4,nan
180,1546715222.59,10,1920,43.9412034133,2,64.0,1.0,3,3713.85049618,1664,0,0,nan
180,1546716306.88,18,2655,0.185163285799,5,64.0,0.666666666667,3,1.48449545001,65535,2,2,57.0
180,1546716486.88,34,11234,6.24928874508,2,64.0,0.5,2,6.22670177692,65535,2,2,nan
180,1546716847.49,16,2415,0.0519292637654,4,64.0,0.666666666667,3,1.66159328056,65535,2,2,57.0
180,1546717027.71,14,2294,23.5210328254,3,64.0,0.666666666667,3,2270.37055107,65535,1,1,nan
180,1546717568.85,21,3013,14.124537551,5,64.0,0.666666666667,3,24728.4672257,65535,2,2,57.0
180,1546718111.1,33,6525,0.120062470553,8,64.0,0.75,4,8.41263324102,65535,3,3,57.0
180,1546718294.39,13,1172,27.553543428,1,64.0,1.0,1,9057.06228689,1403,0,0,nan
180,1546718654.98,23,3774,0.413142582969,5,64.0,0.666666666667,3,3393.99922356,65535,2,4,57.0
180,1546719016.21,292,22182,6.3343688893,7,64.0,0.75,4,56410132.3279,65535,4,4,nan
180,1546719376.47,13,2199,23.8803999369,3,64.0,0.666666666667,3,254254.377702,1386,2,4,57.0
180,1546719740.02,4063,302832,0.177073743547,7,64.0,0.75,4,9151963.10627,65535,3,3,57.0
180,1546719920.65,18,1473,22.1798774364,4,64.0,0.75,4,87452.8234035,8212,1,4,nan
180,1546720281.7,22,5538,0.0877432624777,3,64.0,0.666666666667,3,169.602079507,65535,1,1,nan
180,1546720825.32,25,3629,10.8426717412,5,64.0,0.666666666667,3,64668.3022963,65535,2,2,57.0
180,1546721187.06,17,2656,0.393158004803,4,64.0,0.666666666667,3,2.59765351434,65535,2,2,57.0
180,1546721727.7,18,2757,29.2979644417,5,64.0,0.666666666667,3,11211.9843351,65535,2,2,57.0
180,1546722267.78,23,3146,6.41328674352,5,64.0,0.666666666667,3,8670.30065288,65535,2,2,57.0
180,1546722811.0,23,3496,6.37703959796,5,64.0,0.666666666667,3,87319.894373,65535,2,2,57.0
180,1546722991.0,12,1082,10.551079538,1,64.0,1.0,1,53701.6480491,1386,0,0,nan
180,1546723532.16,48,9362,4.09432233284,7,64.0,0.75,4,1038228.1249,65535,3,5,57.0
180,1546723712.52,57,26673,5.75219293502,6,64.0,0.75,4,374756.34928,65535,1,1,nan
180,1546724433.5,19,2719,19.9904751471,5,64.0,0.666666666667,3,57909.101545,65535,2,2,57.0
180,1546724613.54,29,2722,23.1504854804,3,64.0,0.666666666667,3,28606.5022705,65535,1,1,17.0
180,1546724973.59,41,8329,4.35278295178,6,64.0,0.75,4,351227.194915,65535,3,3,57.0
180,1546725334.67,20,3197,0.0694931939948,5,64.0,0.666666666667,3,5322.05217,65535,2,2,57.0
180,1546725514.79,26,3406,11.165292791,5,64.0,0.666666666667,3,184162.840109,65535,2,2,57.0
180,1546725877.21,26,4078,12.3911661454,4,64.0,0.666666666667,3,643821.01261,65535,1,2,57.0
180,1546726238.31,87,20591,2.72177712423,7,64.0,0.75,4,2207289.85555,65535,4,4,57.0
180,1546726418.31,45,20769,9.23584672846,3,64.0,1.0,2,800795.129084,65535,0,0,nan
180,1546726598.34,66,10397,12.1873935272,7,64.0,0.75,4,354139.898475,65535,1,2,nan
180,1546727139.09,26,3038,5.47631296869,4,64.0,0.666666666667,3,61470.0249255,65535,2,2,57.0
180,1546727319.15,49,18749,5.55063876669,5,64.0,0.75,4,346293.861711,65535,1,1,nan
180,1546727681.32,25,4808,6.09439108325,6,64.0,0.75,4,71464.7583852,65535,2,2,57.0
180,1546727862.04,127,13976,5.65729129356,4,64.0,0.666666666667,3,1960144.17851,65535,1,1,nan
180,1546728042.04,24,3887,0.0777912177125,5,64.0,0.666666666667,3,5.82152779432,65535,1,1,nan
180,1546728222.05,18,1246,7.55164474728,4,64.0,1.0,2,585053.421497,2212,0,0,nan
180,1546728402.12,20,1566,21.1018323399,5,64.0,1.0,2,417536.400346,2212,0,0,nan
180,1546729122.98,30,4090,9.18983585743,7,64.0,0.75,4,48687.800943,65535,2,2,57.0
180,1546729664.81,75,6925,1.06107682575,5,64.0,0.666666666667,3,12.2211167565,65535,3,3,nan
180,1546730926.77,56,18213,3.33488875512,7,64.0,0.75,4,314569.471773,65535,3,3,57.0
180,1546731106.81,31,3875,16.1764594169,6,64.0,0.75,4,314418.056082,65535,2,2,57.0
180,1546732007.68,21,3331,0.169673634623,3,64.0,0.666666666667,3,7.03496954557,65535,2,2,57.0
180,1546732187.7,10,929,34.8108401518,2,64.0,1.0,1,47464.0172149,1386,0,0,nan
180,1546732547.75,27,4157,12.1060160508,4,64.0,0.666666666667,3,740698.278932,65535,2,3,57.0
180,1546732728.85,11,981,18.2943517081,2,64.0,1.0,2,125901.684109,1386,0,0,nan
180,1546733270.94,27,4146,11.3815637184,5,64.0,0.666666666667,3,629118.139732,65535,2,4,57.0
180,1546733631.14,10,786,44.3704632926,1,64.0,1.0,1,1075.38596547,1386,0,0,nan
180,1546734532.16,74,14863,5.68764256925,8,64.0,0.75,4,11562693.9709,65535,3,6,57.0
180,1546734712.43,14,1143,21.1427541172,4,64.0,1.0,3,452091.923256,1622,0,0,nan
180,1546735253.7,22,2978,6.54917138654,4,64.0,0.666666666667,3,89515.2457892,65535,2,2,57.0
180,1546735615.67,11,1085,34.7881179391,3,64.0,1.0,3,386837.546004,1622,0,0,nan
180,1546735795.68,18,2868,6.37415723593,5,64.0,0.5,4,9871.37744809,65535,2,2,57.0
180,1546736156.34,10,786,44.3059378288,1,64.0,1.0,1,1058.42710906,1386,0,0,nan
180,1546736516.5,19,2698,7.11188662669,4,64.0,0.666666666667,3,10632.5273162,65535,2,2,57.0
180,1546736877.2,10,845,29.4863736327,1,64.0,1.0,1,690.621023188,1386,0,0,nan
180,1546737957.28,34,5474,5.1860536322,6,64.0,0.75,4,63693.1816952,65535,3,3,57.0
180,1546738137.28,73,19397,5.44691559654,4,64.0,0.666666666667,3,35.4964999602,65535,1,2,nan
180,1546738317.28,18,1422,28.2395310529,5,64.0,1.0,3,408806.899173,1664,0,0,nan
180,1546739218.27,26,3973,5.77686956269,6,64.0,0.75,4,152574.374101,65535,2,2,57.0
180,1546739761.24,23,3079,6.47927048708,5,64.0,0.666666666667,3,106540.59333,65535,2,2,57.0
180,1546740122.14,10,811,44.0516405782,2,64.0,1.0,2,6181.65339715,1386,0,0,nan
180,1546740482.28,75,6960,0.761724045095,5,64.0,0.666666666667,3,8.60230637903,65535,3,3,nan
180,1546741024.36,52,22623,3.91554738052,6,64.0,0.75,4,217810.365964,65535,3,3,57.0
180,1546741384.59,17,1378,34.1806678447,3,64.0,1.0,3,14189.7496512,1622,0,0,nan
180,1546741746.73,56,16950,7.11908657324,5,64.0,0.75,4,401628.906592,65535,3,3,57.0
180,1546742467.46,22,3397,6.53538370336,5,64.0,0.666666666667,3,37244.2632816,65535,2,2,57.0
180,1546743552.12,23,3243,11.7993101166,4,64.0,0.666666666667,3,6181.44581849,65535,2,2,57.0
180,1546744815.01,20,2916,6.86930157376,4,64.0,0.666666666667,3,5827.8393279,65535,2,2,57.0
180,1546745356.39,73,14844,7.20181412198,7,64.0,0.75,4,13478288.8268,65535,3,6,57.0
180,1546746797.4,39,8500,4.79383605888,7,64.0,0.75,4,131484.114351,65535,3,3,57.0
180,1546747338.09,27,3865,17.6023372134,4,64.0,0.75,4,254665.280776,65535,2,2,57.0
180,1546748782.45,24,3191,12.7176137464,5,64.0,0.666666666667,3,10163.5793774,65535,2,2,57.0
180,1546748962.58,59,13351,6.90648785386,6,64.0,0.75,4,2095276.7783,65535,1,2,nan
180,1546749322.83,27,2991,5.96232792498,7,64.0,0.75,4,27177.4967172,65535,2,2,57.0
180,1546749683.75,20,3574,19.7897783553,3,64.0,0.666666666667,3,58945.6658391,65535,1,1,nan
180,1546750585.36,93,17385,3.22020541557,9,64.0,0.75,4,876521.068619,65535,4,5,57.0
180,1546751306.18,25,3222,24.1892143948,5,64.0,0.666666666667,3,89196.1753545,65535,2,2,57.0
180,1546751486.37,72,6599,6.79526628361,6,64.0,0.75,4,443127.706745,65535,3,3,nan
180,1546751666.59,11,887,42.2228037923,1,64.0,1.0,1,2776.36415951,1386,0,0,nan
180,1546752567.78,46,16276,20.5712980387,5,64.0,0.666666666667,3,244330.835839,65535,1,1,nan
180,1546753472.52,24,4469,0.904830036805,3,64.0,0.666666666667,3,8.90443510285,65535,1,2,nan
180,1546753832.54,25,3245,18.5111532456,5,64.0,0.666666666667,3,70547.177106,65535,2,2,57.0
180,1546754555.89,64,10418,3.29126388007,8,64.0,0.75,4,738357.179667,65535,4,4,57.0
180,1546754917.18,88,30987,13.3519568356,11,64.0,0.75,4,12.2786963236,65535,5,5,57.0
180,1546755097.42,240,42548,6.42237709704,9,64.0,0.666666666667,3,93458457.0313,65535,6,6,nan
180,1546755277.56,11,876,35.2712509692,3,64.0,1.0,3,9210.78291642,1538,0,0,nan
180,1546755457.57,41,21683,15.4759486346,6,64.0,0.666666666667,3,278842.595674,65535,1,1,nan
180,1546755637.58,28,6939,0.382328668823,3,64.0,0.666666666667,3,8.30304306947,65535,1,1,nan
180,1546755997.59,2652,191766,2.90473997511,6,64.0,0.666666666667,3,35861575.8031,65535,1,1,nan
180,1546756177.64,64,20092,0.0691499193867,8,64.0,0.666666666667,3,81.3267594908,65535,3,3,nan
240,1546715222.59,10,1920,43.9412034133,2,64.0,1.0,3,3713.85049618,1664,0,0,nan
240,1546716182.74,18,2655,0.185163285799,5,64.0,0.666666666667,3,1.48449545001,65535,2,2,57.0
240,1546716423.27,34,11234,6.24928874508,2,64.0,0.5,2,6.22670177692,65535,2,2,nan
240,1546716903.4,28,4483,12.9831560783,5,64.0,0.75,4,5867.51081186,65535,3,3,57.0
240,1546717627.32,28,3744,16.1536381587,5,64.0,0.666666666667,3,125608.320221,65535,2,2,57.0
240,1546718107.38,37,6883,4.94322493415,8,64.0,0.75,4,88957.259577,65535,3,3,57.0
240,1546718347.72,12,1036,26.7158286572,3,64.0,1.0,3,16072.2564062,1580,0,0,nan
240,1546718588.22,27,4178,33.5685386549,5,64.0,0.666666666667,3,904210.421558,65535,2,4,57.0
240,1546718828.3,295,22485,5.85301636998,8,64.0,0.75,4,77470475.0693,65535,4,4,nan
240,1546719309.26,18,2704,27.893079946,3,64.0,0.666666666667,3,309185.923068,1386,2,4,57.0
240,1546719794.85,4067,303178,2.14980115916,7,64.0,0.75,4,92343489.2797,65535,3,3,57.0
240,1546720034.86,19,1562,17.7212721443,4,64.0,0.75,4,110707.661411,8212,1,4,nan
240,1546720276.15,27,5950,26.8020927258,3,64.0,0.666666666667,3,47181.762165,65535,1,1,nan
240,1546720760.06,28,3956,24.5629848006,5,64.0,0.666666666667,3,266025.00907,65535,2,2,57.0
240,1546721241.01,24,3341,4.70725516338,5,64.0,0.666666666667,3,70275.2207062,65535,2,2,57.0
240,1546721721.41,22,3115,26.9752268238,5,64.0,0.666666666667,3,244473.929455,65535,2,2,57.0
240,1546722201.67,24,3247,18.8877482717,5,64.0,0.666666666667,3,140671.696289,65535,2,2,57.0
240,1546722922.46,28,4001,27.3826090296,5,64.0,0.666666666667,3,260473.332373,65535,2,2,57.0
240,1546723162.7,13,1067,32.5646407885,2,64.0,1.0,2,89453.2236227,1386,0,0,nan
240,1546723402.7,51,9665,12.9405417666,7,64.0,0.75,4,2494536.80631,65535,3,5,57.0
240,1546723643.1,57,26673,5.75219293502,6,64.0,0.75,4,374756.34928,65535,1,1,nan
240,1546724363.74,21,2945,29.8895371651,5,64.0,0.666666666667,3,57909.101545,65535,2,2,57.0
240,1546724603.98,29,2722,23.1504854804,3,64.0,0.666666666667,3,28606.5022705,65535,1,1,17.0
240,1546724844.04,49,9161,9.31141330316,6,64.0,0.75,4,618284.394316,65535,3,3,57.0
240,1546725324.4,25,3702,35.7237290189,5,64.0,0.666666666667,3,106892.463176,65535,2,2,57.0
240,1546725564.97,26,3406,19.3626058115,5,64.0,0.666666666667,3,488273.887428,65535,2,2,57.0
240,1546725805.0,27,4179,20.487319669,4,64.0,0.666666666667,3,649273.987464,65535,1,2,57.0
240,1546726285.0,94,21244,9.09330012259,8,64.0,0.75,4,2822858.74156,65535,4,4,57.0
240,1546726525.07,102,30287,12.204747314,7,64.0,0.75,4,1362279.52296,65535,1,2,nan
240,1546727006.67,26,3038,5.47631296869,4,64.0,0.666666666667,3,61470.0249255,65535,2,2,57.0
240,1546727246.95,49,18749,5.55063876669,5,64.0,0.75,4,346293.861711,65535,1,1,nan
240,1546727727.43,148,18379,5.31526142914,8,64.0,0.75,4,1846720.10681,65535,3,3,57.0
240,1546727967.59,28,4292,35.1564551684,5,64.0,0.666666666667,3,40164.814679,65535,1,1,nan
240,1546728207.83,31,2221,12.8576932915,5,64.0,1.0,2,989962.797699,2212,0,0,nan
240,1546728688.23,10,809,30.8431851216,3,64.0,1.0,2,7455.84894722,2212,0,0,nan
240,1546729168.57,29,3989,9.33897500555,7,64.0,0.75,4,37501.2201175,65535,2,2,57.0
240,1546729408.66,16,1311,31.2099408149,2,64.0,1.0,2,159537.249643,1386,0,0,nan
240,1546729649.51,75,6925,1.06107682575,5,64.0,0.666666666667,3,12.2211167565,65535,3,3,nan
240,1546730129.99,11,971,38.5900893268,1,64.0,1.0,1,172977.47298,1386,0,0,nan
240,1546730850.64,56,18213,3.33488875512,7,64.0,0.75,4,314569.471773,65535,3,3,57.0
240,1546731090.88,31,3875,16.1764594169,6,64.0,0.75,4,314418.056082,65535,2,2,57.0
240,1546732051.76,26,3755,6.06348704706,4,64.0,0.666666666667,3,35391.5089546,65535,2,2,57.0
240,1546732532.11,36,4982,17.620653975,4,64.0,0.666666666667,3,992318.875375,65535,2,3,57.0
240,1546733252.12,29,4313,23.6774979526,5,64.0,0.666666666667,3,636695.211905,65535,2,4,57.0
240,1546733732.14,14,1251,34.354521939,1,64.0,1.0,1,70767.0669254,1386,0,0,nan
240,1546734452.15,74,14863,5.68764256925,8,64.0,0.75,4,11562693.9709,65535,3,6,57.0
240,1546734692.15,14,1143,21.1427541172,4,64.0,1.0,3,452091.923256,1622,0,0,nan
240,1546735172.18,22,2978,6.54917138654,4,64.0,0.666666666667,3,89515.2457892,65535,2,2,57.0
240,1546735652.18,27,3797,12.2218061218,6,64.0,0.6,5,483154.04769,65535,2,2,57.0
240,1546736132.19,11,899,42.6837799332,1,64.0,1.0,1,1058.42710906,1386,0,0,nan
240,1546736372.19,19,2698,7.11188662669,4,64.0,0.666666666667,3,10632.5273162,65535,2,2,57.0
240,1546736852.2,10,845,29.4863736327,1,64.0,1.0,1,690.621023188,1386,0,0,nan
240,1546737092.2,10,858,43.5586261907,1,64.0,1.0,1,40960.6587375,1386,0,0,nan
240,1546738052.22,107,24871,7.72485923042,8,64.0,0.75,4,8882501.08212,65535,3,5,57.0
240,1546738292.23,19,1519,29.3969478605,5,64.0,1.0,3,428183.657725,1664,0,0,nan
240,1546738532.24,11,983,32.8539047464,1,64.0,1.0,1,34295.9337038,1386,0,0,nan
240,1546739252.25,26,3973,5.77686956269,6,64.0,0.75,4,152574.374101,65535,2,2,57.0
240,1546739732.26,24,3192,12.9993084991,5,64.0,0.666666666667,3,106540.59333,65535,2,2,57.0
240,1546740212.27,10,823,40.3271504486,1,64.0,1.0,1,13916.8481738,1386,0,0,nan
240,1546740452.27,75,6960,0.761724045095,5,64.0,0.666666666667,3,8.60230637903,65535,3,3,nan
240,1546740932.29,53,22724,24.8021532962,6,64.0,0.75,4,321575.575108,65535,3,3,57.0
240,1546741172.3,15,1211,46.3466878908,3,64.0,1.0,3,13931.4700024,1622,0,0,nan
240,1546741652.31,60,17354,12.7933816125,5,64.0,0.75,4,624265.163728,65535,3,3,57.0
240,1546742372.31,22,3397,6.53538370336,5,64.0,0.666666666667,3,37244.2632816,65535,2,2,57.0
240,1546742852.32,10,880,35.0503657876,1,64.0,1.0,1,1477.48960407,1386,0,0,nan
240,1546743573.76,21,3017,6.77987165663,4,64.0,0.666666666667,3,6181.44581849,65535,2,2,57.0
240,1546743814.26,17,1377,30.2071080076,2,64.0,1.0,2,168573.068712,1386,0,0,nan
240,1546744775.59,21,3017,13.7418376918,5,64.0,0.666666666667,3,46011.8482334,65535,2,2,57.0
240,1546745256.75,73,14844,7.20181412198,7,64.0,0.75,4,13478288.8268,65535,3,6,57.0
240,1546746697.39,39,8500,4.79383605888,7,64.0,0.75,4,131484.114351,65535,3,3,57.0
240,1546747417.4,27,3846,27.2547047334,3,64.0,0.666666666667,3,147176.94823,65535,2,2,57.0
240,1546747657.42,10,821,38.3282579097,1,64.0,1.0,1,252.333690719,1386,0,0,nan
240,1546748617.44,23,3090,6.4595291883,4,64.0,0.666666666667,3,4885.00016871,65535,2,2,57.0
240,1546748857.44,60,13452,12.810746977,7,64.0,0.75,4,2490044.46668,65535,1,2,nan
240,1546749337.45,33,3527,20.1383735931,7,64.0,0.75,4,111372.523867,65535,2,2,57.0
240,1546749577.46,22,3730,19.5355231785,4,64.0,0.75,4,387395.54532,65535,1,1,nan
240,1546750537.47,95,17611,5.87316580289,9,64.0,0.75,4,876521.068619,65535,4,5,57.0
240,1546751257.5,95,9665,12.6258672381,8,64.0,0.75,4,1430614.57054,65535,5,5,57.0
240,1546751737.5,10,847,40.3911971191,1,64.0,1.0,1,598.596752901,1386,0,0,nan
240,1546752457.51,10,894,10.9254271017,1,64.0,1.0,1,7142.3448141,1386,0,0,nan
240,1546752697.52,41,15794,20.2234678619,5,64.0,0.666666666667,3,272640.352396,65535,1,1,nan
240,1546752937.52,12,965,40.4667325387,2,64.0,1.0,2,919.176985332,1622,0,0,nan
240,1546753417.53,24,4469,0.904830036805,3,64.0,0.666666666667,3,8.90443510285,65535,1,2,nan
240,1546753657.53,10,964,26.4130816938,1,64.0,1.0,1,59283.4080254,1403,0,0,nan
240,1546753897.53,26,3253,28.048930756,5,64.0,0.666666666667,3,7882.5171224,65535,2,2,57.0
240,1546754617.56,64,10418,3.29126388007,8,64.0,0.75,4,738357.179667,65535,4,4,57.0
240,1546754857.57,91,31216,13.1297497873,12,64.0,0.75,4,12.4319824457,65535,5,5,57.0
240,1546755097.57,240,42541,7.58975605296,11,64.0,0.75,4,90687489.4465,65535,6,6,nan
240,1546755337.58,13,1102,20.4736903896,3,64.0,1.0,2,97745.2426225,2085,0,0,nan
240,1546755577.58,64,28174,17.3115188759,5,64.0,0.666666666667,3,543990.649545,65535,2,2,nan
240,1546756057.59,2712,211547,0.0819172289055,10,64.0,0.666666666667,3,3350274.96067,65535,4,4,nan
300,1546715222.59,12,2076,47.1014758197,2,64.0,1.0,3,4713.93545647,1664,0,0,nan
300,1546716123.66,18,2655,0.185163285799,5,64.0,0.666666666667,3,1.48449545001,65535,2,2,57.0
300,1546716425.06,34,11234,6.24928874508,2,64.0,0.5,2,6.22670177692,65535,2,2,nan
300,1546716725.07,16,2415,0.0519292637654,4,64.0,0.666666666667,3,1.66159328056,65535,2,2,57.0
300,1546717025.33,19,2799,30.4903683857,3,64.0,0.666666666667,3,822366.467539,65535,1,1,nan
300,1546717627.32,29,3845,22.1021690042,5,64.0,0.666666666667,3,232151.459853,65535,2,2,57.0
300,1546718228.5,49,7919,17.1796175886,8,64.0,0.75,4,545411.757194,65535,3,3,57.0
300,1546718528.5,27,4178,33.5685386549,5,64.0,0.666666666667,3,904210.421558,65535,2,4,57.0
300,1546718828.58,295,22485,5.85301636998,8,64.0,0.75,4,77470475.0693,65535,4,4,nan
300,1546719430.58,18,2681,37.8426152825,3,64.0,0.666666666667,3,344945.195885,1386,2,6,57.0
300,1546719734.96,4067,303178,2.14980115916,7,64.0,0.75,4,92343489.2797,65535,3,3,57.0
300,1546720035.34,19,1562,17.7212721443,4,64.0,0.75,4,110707.661411,8212,1,4,nan
300,1546720335.77,30,6253,33.9150137442,3,64.0,0.666666666667,3,121161.837407,65535,1,1,nan
300,1546720636.1,28,3956,26.3620270558,5,64.0,0.666666666667,3,237054.975831,65535,2,2,57.0
300,1546721237.94,24,3341,4.70725516338,5,64.0,0.666666666667,3,70275.2207062,65535,2,2,57.0
300,1546721838.7,23,3240,8.84077853695,5,64.0,0.666666666667,3,9433.48906037,65535,2,2,57.0
300,1546722138.71,29,3752,23.1383887159,5,64.0,0.666666666667,3,283192.771835,65535,2,2,57.0
300,1546722439.58,10,1011,38.6527848896,1,64.0,1.0,1,184586.124351,1386,0,0,nan
300,1546722739.58,24,3597,36.4522767333,5,64.0,0.666666666667,3,564981.774958,65535,2,2,57.0
300,1546723040.0,18,1572,28.5151808337,2,64.0,1.0,2,145250.644153,1386,0,0,nan
300,1546723340.38,51,9665,12.9405417666,7,64.0,0.75,4,2494536.80631,65535,3,5,57.0
300,1546723640.54,59,26840,15.0120174255,6,64.0,0.75,4,1070606.77102,65535,1,1,nan
300,1546724242.16,10,941,44.7032508926,1,64.0,1.0,1,50861.6579017,1403,0,0,nan
300,1546724542.88,45,5138,19.8344453708,6,64.0,0.666666666667,3,1355867.3114,65535,3,3,33.0
300,1546724842.91,49,9161,9.31141330316,6,64.0,0.75,4,618284.394316,65535,3,3,57.0
300,1546725143.28,24,3601,17.8781006482,5,64.0,0.666666666667,3,54054.2914199,65535,2,2,57.0
300,1546725443.28,31,3911,17.797148516,5,64.0,0.666666666667,3,1804183.37711,65535,2,2,57.0
300,1546725743.3,27,4179,20.487319669,4,64.0,0.666666666667,3,649273.987464,65535,1,2,57.0
300,1546726343.3,140,41935,10.2956853582,8,64.0,0.75,4,4858733.9045,65535,4,4,57.0
300,1546726643.32,62,10226,13.6974353615,4,64.0,0.666666666667,3,441959.111166,65535,1,2,nan
300,1546726943.32,26,3038,5.47631296869,4,64.0,0.666666666667,3,61470.0249255,65535,2,2,57.0
300,1546727243.33,53,19153,17.1266272564,5,64.0,0.75,4,622750.354188,65535,1,1,nan
300,1546727543.78,26,4909,38.5809246953,6,64.0,0.75,4,298481.928028,65535,2,2,57.0
300,1546727843.79,128,14077,7.53350239867,4,64.0,0.666666666667,3,2020230.81859,65535,1,1,nan
300,1546728144.26,55,6108,20.9857199113,7,64.0,0.666666666667,3,1025784.31321,65535,1,1,nan
300,1546728444.32,13,1066,27.5181840484,4,64.0,1.0,2,307168.218221,2212,0,0,nan
300,1546729045.73,34,4459,17.0393999027,8,64.0,0.75,4,188950.155377,65535,2,2,57.0
300,1546729346.9,16,1311,31.2099408149,2,64.0,1.0,2,159537.249643,1386,0,0,nan
300,1546729647.06,77,7092,15.0861258867,5,64.0,0.666666666667,3,5559797.8091,65535,3,3,nan
300,1546730248.95,12,1107,30.8988878017,1,64.0,1.0,1,269329.460077,1386,0,0,nan
300,1546730850.64,61,18718,19.2509623769,7,64.0,0.75,4,922568.07454,65535,3,3,57.0
300,1546731150.81,28,3549,26.9599411096,6,64.0,0.75,4,169219.320039,65535,2,2,57.0
300,1546731450.81,10,857,44.2531249474,1,64.0,1.0,1,244.516569034,1386,0,0,nan
300,1546732051.76,31,4260,20.4862477009,4,64.0,0.666666666667,3,223438.957917,65535,2,2,57.0
300,1546732352.11,27,4157,34.7006936246,4,64.0,0.666666666667,3,846198.832583,65535,2,3,57.0
300,1546732652.11,15,1385,37.0493749249,2,64.0,1.0,2,437037.265491,1386,0,0,nan
300,1546733253.2,29,4313,23.6774979526,5,64.0,0.666666666667,3,636695.211905,65535,2,4,57.0
300,1546733553.3,10,786,44.3704632926,1,64.0,1.0,1,1075.38596547,1386,0,0,nan
300,1546733853.51,11,1006,32.1299526517,1,64.0,1.0,1,63913.0679119,1386,0,0,nan
300,1546734454.32,82,15543,11.0625957222,8,64.0,0.75,4,19890411.2331,65535,3,6,57.0
300,1546735357.17,27,3355,29.4787317847,4,64.0,0.666666666667,3,101680.928179,65535,2,2,57.0
300,1546735657.18,27,3797,12.2218061218,6,64.0,0.6,5,483154.04769,65535,2,2,57.0
300,1546735957.38,11,876,56.5194267902,1,64.0,1.0,1,1143.47801352,1386,0,0,nan
300,1546736257.49,22,2966,38.4257410116,4,64.0,0.666666666667,3,11888.2176742,65535,2,2,57.0
300,1546736858.38,10,845,29.4863736327,1,64.0,1.0,1,690.621023188,1386,0,0,nan
300,1546737160.21,13,1161,49.8282751633,1,64.0,1.0,1,171794.814691,1386,0,0,nan
300,1546738060.26,118,25753,11.0089233903,8,64.0,0.75,4,12914959.8242,65535,3,5,57.0
300,1546738360.7,12,983,26.266368872,3,64.0,1.0,2,353473.882805,1664,0,0,nan
300,1546739261.09,26,3973,5.77686956269,6,64.0,0.75,4,152574.374101,65535,2,2,57.0
300,1546739861.49,32,3848,24.1019638232,5,64.0,0.666666666667,3,282301.61408,65535,2,2,57.0
300,1546740161.91,10,823,40.3271504486,1,64.0,1.0,1,13916.8481738,1386,0,0,nan
300,1546740462.28,78,7205,14.8256359466,5,64.0,0.666666666667,3,2541299.74777,65535,3,3,nan
300,1546741064.59,54,22790,8.87204986759,6,64.0,0.75,4,289745.844798,65535,3,3,57.0
300,1546741365.77,17,1378,34.1806678447,3,64.0,1.0,3,14189.7496512,1622,0,0,nan
300,1546741666.31,60,17354,12.7933816125,5,64.0,0.75,4,624265.163728,65535,3,3,57.0
300,1546742567.32,24,3576,29.1466283831,5,64.0,0.666666666667,3,61521.2108047,65535,2,2,57.0
300,1546742867.32,15,1385,29.6952379495,1,64.0,1.0,1,158536.413884,1386,0,0,nan
300,1546743467.33,23,3243,11.7993101166,4,64.0,0.666666666667,3,6181.44581849,65535,2,2,57.0
300,1546743767.33,17,1377,30.2071080076,2,64.0,1.0,2,168573.068712,1386,0,0,nan
300,1546744667.49,23,3243,32.055291907,5,64.0,0.666666666667,3,359820.112639,65535,2,2,57.0
300,1546745270.55,74,14941,9.59690442038,7,64.0,0.75,4,15064890.1872,65535,3,6,57.0
300,1546746771.49,39,8500,4.79383605888,7,64.0,0.75,4,131484.114351,65535,3,3,57.0
300,1546747372.4,27,3846,27.2547047334,3,64.0,0.666666666667,3,147176.94823,65535,2,2,57.0
300,1546747672.42,10,821,38.3282579097,1,64.0,1.0,1,252.333690719,1386,0,0,nan
300,1546747972.42,11,1018,43.9361398054,1,64.0,1.0,1,101541.737627,1386,0,0,nan
300,1546748572.44,24,3191,36.934201794,5,64.0,0.666666666667,3,542795.109304,65535,2,2,57.0
300,1546748872.44,63,13755,16.632409324,7,64.0,0.75,4,3127375.39801,65535,1,2,nan
300,1546749172.44,28,3092,33.592955774,7,64.0,0.75,4,957581.116702,65535,2,2,57.0
300,1546749472.46,15,1259,24.0864301442,2,64.0,1.0,2,236389.400211,1496,0,0,nan
300,1546749772.46,18,3504,45.6742687753,5,64.0,0.666666666667,3,126011.474671,65535,1,1,nan
300,1546750672.48,102,18295,13.9055131366,9,64.0,0.75,4,4839374.82503,65535,4,5,57.0
300,1546751272.5,97,9821,13.7186751323,8,64.0,0.75,4,1685485.56097,65535,5,5,57.0
300,1546751572.5,11,887,42.2228037923,1,64.0,1.0,1,2776.36415951,1386,0,0,nan
300,1546751874.05,11,889,35.1019121836,1,64.0,1.0,1,7455.95503812,1386,0,0,nan
300,1546752474.53,49,16521,20.4404066904,5,64.0,0.666666666667,3,259965.15512,65535,1,1,nan
300,1546753377.53,29,5989,31.0947691691,4,64.0,0.666666666667,3,1287955.71334,65535,1,2,nan
300,1546753677.53,31,3805,22.3170354265,5,64.0,0.666666666667,3,154721.516633,65535,2,2,57.0
300,1546754577.55,64,10418,3.29126388007,8,64.0,0.75,4,738357.179667,65535,4,4,57.0
300,1546754877.57,294,68981,7.30633729328,15,64.0,0.75,4,139.346662102,65535,10,10,57.0
300,1546755177.57,46,5496,22.5256021713,6,64.0,0.75,4,1279649.18375,65535,1,1,nan
300,1546755477.57,45,22029,23.8511957565,5,64.0,0.666666666667,3,826997.769779,65535,1,1,nan
300,1546755777.59,31,7125,27.8437780983,5,64.0,0.666666666667,3,124137.872766,65535,1,1,nan
300,1546756077.77,2712,211547,0.0819172289055,10,64.0,0.666666666667,3,3350274.96067,65535,4,4,nan
600,1546715222.59,12,2076,47.1014758197,2,64.0,1.0,3,4713.93545647,1664,0,0,nan
600,1546715822.6,20,2881,90.1717073883,5,64.0,0.666666666667,3,1.48449545001,65535,2,2,57.0
600,1546716422.65,50,13649,56.3484783376,5,64.0,0.75,4,168814.030999,65535,4,4,57.0
600,1546717023.74,21,3001,48.2706983058,3,64.0,0.666666666667,3,1115714.58872,65535,1,1,nan
600,1546717624.34,29,3845,22.1021690042,5,64.0,0.666666666667,3,232151.459853,65535,2,2,57.0
600,1546718224.42,76,12097,27.3476795452,10,64.0,0.75,4,9626219.60763,65535,3,7,57.0
600,1546718825.28,302,23157,13.3224390273,8,64.0,0.75,4,90323111.6348,65535,4,4,nan
600,1546719427.14,4085,305859,3.68062439004,7,64.0,0.75,4,369364175.757,65535,3,9,57.0
600,1546720027.51,49,7815,33.5923764636,5,64.0,0.75,4,380957.330051,65535,1,5,nan
600,1546720627.61,35,4663,30.8855463917,5,64.0,0.666666666667,3,450303.93328,65535,2,2,57.0
600,1546721227.87,30,3947,55.8576782213,5,64.0,0.666666666667,3,763221.171427,65535,2,2,57.0
600,1546721829.51,52,6992,29.2749799617,7,64.0,0.666666666667,3,1624456.36904,65535,2,4,57.0
600,1546722439.58,34,4608,38.665152515,5,64.0,0.666666666667,3,858216.749284,65535,2,2,57.0
600,1546723040.0,69,11237,27.9874381507,7,64.0,0.75,4,4418590.94112,65535,3,5,57.0
600,1546723640.13,66,27416,25.9686885051,6,64.0,0.75,4,1593058.18687,65535,1,1,nan
600,1546724242.16,55,6079,28.7608313502,6,64.0,0.666666666667,3,1826500.99161,65535,3,3,33.0
600,1546724842.19,73,12762,30.2369519362,7,64.0,0.75,4,1904667.70227,65535,3,5,57.0
600,1546725442.5,58,8090,21.7868225573,6,64.0,0.666666666667,3,3188830.57374,65535,2,4,57.0
600,1546726042.54,147,42515,19.2589260134,8,64.0,0.75,4,17568516.0494,65535,4,4,57.0
600,1546726642.57,88,13264,30.6715476839,6,64.0,0.75,4,4376604.27001,65535,3,4,57.0
600,1546727242.57,75,23739,26.769044355,8,64.0,0.75,4,1352733.50828,65535,3,3,57.0
600,1546727842.73,187,20508,18.7275058937,8,64.0,0.666666666667,3,9711821.8568,65535,1,2,nan
600,1546728442.74,18,1466,31.1688758029,4,64.0,1.0,2,338557.679455,2212,0,0,nan
600,1546729042.8,50,5770,33.1392716883,8,64.0,0.75,4,1738963.6391,65535,2,2,57.0
600,1546729643.08,85,7734,26.7681382166,5,64.0,0.666666666667,3,6369080.13795,65535,3,3,nan
600,1546730243.31,13,1208,36.0981558127,1,64.0,1.0,1,314424.027054,1386,0,0,nan
600,1546730843.36,89,22267,23.5193775712,9,64.0,0.75,4,1539228.97018,65535,3,5,57.0
600,1546731443.36,17,1564,43.6225551662,1,64.0,1.0,1,199865.794849,1386,0,0,nan
600,1546732043.91,58,8417,29.777878213,5,64.0,0.666666666667,3,1417870.36273,65535,2,5,57.0
600,1546732646.42,16,1486,39.9724812866,2,64.0,1.0,2,453565.010941,1386,0,0,nan
600,1546733246.42,39,5099,40.565922825,5,64.0,0.666666666667,3,726395.686097,65535,2,4,57.0
600,1546733847.15,11,1006,32.1299526517,1,64.0,1.0,1,63913.0679119,1386,0,0,nan
600,1546734447.15,88,16006,13.5387206379,8,64.0,0.75,4,21255440.5419,65535,3,6,57.0
600,1546735047.17,30,3678,46.3537269836,5,64.0,0.75,4,955553.250542,65535,2,2,57.0
600,1546735647.18,38,4673,38.3363735513,6,64.0,0.6,5,1125799.22813,65535,2,2,57.0
600,1546736247.45,31,3687,41.9521838812,4,64.0,0.666666666667,3,797939.877898,65535,2,2,57.0
600,1546736847.53,22,1905,48.1417617752,1,64.0,1.0,1,203416.60989,1386,0,0,nan
600,1546738047.54,130,26736,16.7737573711,8,64.0,0.75,4,27725339.6386,65535,3,5,57.0
600,1546738647.6,14,1305,56.7608811815,2,64.0,1.0,2,253942.328631,1664,0,0,nan
600,1546739247.76,26,3973,5.77686956269,6,64.0,0.75,4,152574.374101,65535,2,2,57.0
600,1546739848.0,42,4671,34.7203556819,5,64.0,0.666666666667,3,664303.104613,65535,2,2,57.0
600,1546740448.02,82,7609,25.1457039626,5,64.0,0.666666666667,3,4413646.16102,65535,3,3,nan
600,1546741048.74,71,24168,27.8429856073,6,64.0,0.75,4,314933.589281,65535,3,3,57.0
600,1546741651.5,69,18240,25.1139015543,5,64.0,0.75,4,970756.05986,65535,3,3,57.0
600,1546742252.32,26,3802,48.4176425464,5,64.0,0.666666666667,3,61521.2108047,65535,2,2,57.0
600,1546742852.32,16,1486,34.3316829302,1,64.0,1.0,1,237460.424479,1386,0,0,nan
600,1546743452.34,40,4620,36.0712823251,4,64.0,0.666666666667,3,680471.000796,65535,2,2,57.0
600,1546744052.35,10,964,43.6405778989,1,64.0,1.0,1,93873.107282,1386,0,0,nan
600,1546744652.35,24,3344,32.7867423446,5,64.0,0.666666666667,3,532604.489742,65535,2,2,57.0
600,1546745252.37,74,14941,9.59690442038,7,64.0,0.75,4,15064890.1872,65535,3,6,57.0
600,1546745852.37,10,1026,68.1474076739,2,64.0,1.0,2,152197.387398,1622,0,0,nan
600,1546746452.39,42,8827,37.5559889737,7,64.0,0.75,4,983471.257906,65535,3,3,57.0
600,1546747052.4,36,4775,31.6699616616,4,64.0,0.75,4,483964.264137,65535,2,2,57.0
600,1546747652.42,20,1738,46.8310995831,1,64.0,1.0,1,213764.062944,1386,0,0,nan
600,1546748252.43,27,3518,59.7507262018,5,64.0,0.666666666667,3,595790.992785,65535,2,2,57.0
600,1546748852.44,83,16128,25.7130035453,9,64.0,0.75,4,6507557.10454,65535,3,4,57.0
600,1546749452.46,40,5381,39.37728134,7,64.0,0.75,4,4254294.76555,65535,1,1,nan
600,1546750652.48,104,18497,18.1791694462,9,64.0,0.75,4,5922724.72666,65535,4,5,57.0
600,1546751252.5,108,10708,21.6765203685,8,64.0,0.75,4,12800822.0579,65535,5,5,57.0
600,1546751852.5,19,1510,47.4389892913,1,64.0,1.0,1,666830.08327,1386,0,0,nan
600,1546752452.51,58,17206,33.9492216954,5,64.0,0.666666666667,3,6091565.02515,65535,1,1,nan
600,1546753052.53,37,6645,37.1689485291,4,64.0,0.666666666667,3,1639863.78876,65535,1,2,nan
600,1546753652.53,36,4217,30.4864912479,5,64.0,0.666666666667,3,182307.715228,65535,2,2,57.0
600,1546754252.55,73,11185,28.3128433302,8,64.0,0.75,4,1569236.75873,65535,4,4,57.0
600,1546754852.57,331,73757,9.42211237909,16,64.0,0.75,4,204228883.865,65535,11,11,57.0
600,1546755452.57,85,29874,24.6419585289,6,64.0,0.666666666667,3,1573972.00454,65535,2,2,nan
600,1546756052.59,2712,211547,0.0819172289055,10,64.0,0.666666666667,3,3350274.96067,65535,4,4,nan
1200,1546715222.59,32,4957,113.542086025,5,64.0,0.75,4,789719.69751,65535,2,2,57.0
1200,1546716422.65,71,16650,54.2916325386,6,64.0,0.75,4,7062113.61189,65535,5,5,57.0
1200,1546717624.34,105,15942,42.7332175822,11,64.0,0.75,4,43651100.7052,65535,3,9,57.0
1200,1546718825.28,4387,329016,5.16162521202,11,64.0,0.75,4,522807873.69,65535,7,13,57.0
1200,1546720027.51,84,12478,33.3573419721,7,64.0,0.75,4,2274194.79348,65535,3,7,57.0
1200,1546721227.87,82,10939,42.6858376659,8,64.0,0.666666666667,3,9852386.99851,65535,2,6,57.0
1200,1546722428.7,103,15845,34.522425894,9,64.0,0.75,4,11961865.9899,65535,3,7,57.0
1200,1546723628.76,121,33495,29.8069669412,8,64.0,0.75,4,4479723.48833,65535,4,4,33.0
1200,1546724828.83,131,20852,30.6741968227,10,64.0,0.75,4,5892736.84349,65535,3,9,57.0
1200,1546726028.86,235,55779,24.779791057,11,64.0,0.75,4,83235306.391,65535,5,8,57.0
1200,1546727228.86,254,43626,21.6719880327,13,64.0,0.75,4,19786926.8215,65535,4,5,57.0
1200,1546728429.06,76,7857,39.9110297764,8,64.0,0.75,4,2230785.68618,65535,2,2,57.0
1200,1546729632.06,98,8942,31.0816650556,5,64.0,0.666666666667,3,11421292.8988,65535,3,3,nan
1200,1546730832.06,106,23831,32.085535801,9,64.0,0.75,4,5109469.88174,65535,3,5,57.0
1200,1546732032.11,74,9903,33.0215302879,5,64.0,0.666666666667,3,2696144.84824,65535,2,5,57.0
1200,1546733232.13,50,6105,41.8370335841,5,64.0,0.666666666667,3,2265252.79873,65535,2,4,57.0
1200,1546734432.15,118,19684,35.7959892635,9,64.0,0.75,4,32468641.3058,65535,3,8,57.0
1200,1546735632.18,69,8360,42.58991076,7,64.0,0.6,5,1937644.21148,65535,2,4,57.0
1200,1546736832.2,26,2333,46.4845650289,1,64.0,1.0,1,334070.662606,1386,0,0,nan
1200,1546738032.23,144,28041,26.1429854426,8,64.0,0.75,4,61643076.6974,65535,3,5,57.0
1200,1546739232.26,68,8644,66.1622328946,8,64.0,0.75,4,13133072.5318,65535,2,4,57.0
1200,1546740432.27,153,31777,29.8525117918,9,64.0,0.75,4,5948132.8549,65535,6,6,57.0
1200,1546741632.31,95,22042,36.0089033728,7,64.0,0.75,4,8523831.91542,65535,3,5,57.0
1200,1546742832.32,56,6106,57.9817006761,4,64.0,0.666666666667,3,15188987.7778,65535,2,2,57.0
1200,1546744032.33,34,4308,68.9214265478,5,64.0,0.666666666667,3,2150178.25545,65535,2,2,57.0
1200,1546745232.37,84,15967,51.9502492779,7,64.0,0.75,4,27426316.0636,65535,3,6,57.0
1200,1546746432.39,78,13602,49.7984040414,8,64.0,0.75,4,1848237.53015,65535,3,5,57.0
1200,1546747632.41,47,5256,54.9491881631,5,64.0,0.666666666667,3,6923534.64095,65535,2,2,57.0
1200,1546748832.45,121,21307,27.0842945584,10,64.0,0.75,4,16568830.8534,65535,4,5,57.0
1200,1546750032.46,110,19127,52.561139761,9,64.0,0.75,4,19820021.3298,65535,4,5,57.0
1200,1546751232.48,127,12218,29.7888656529,8,64.0,0.75,4,15653665.0509,65535,5,5,57.0
1200,1546752432.52,95,23851,37.5693336502,7,64.0,0.666666666667,3,8318551.38553,65535,2,3,nan
1200,1546753632.53,109,15402,33.6309506431,10,64.0,0.75,4,2906034.0233,65535,4,6,57.0
1200,1546754832.55,416,103631,15.188177567,17,64.0,0.75,4,320318611.068,65535,11,13,57.0
1200,1546756032.59,2712,211547,0.0819172289055,10,64.0,0.666666666667,3,3350274.96067,65535,4,4,nan
