60,1546715222.59,369,98662,0.619386837133,13,68.5300546448,0.6,5,6.35905332539e+15,65535,5,5,nan
60,1546715282.72,34,2577,3.8204750256,8,72.0,0.5,4,297791.492373,65535,1,1,nan
60,1546715342.82,132,12704,1.03184521311,11,75.216,0.6,5,3.16942479916e+15,65535,2,2,nan
60,1546715402.92,52,5988,2.79274934292,7,99.76,0.666666666667,3,1302122.06693,1788,0,0,nan
60,1546715463.38,296,43027,0.724835160467,9,77.9726027397,0.333333333333,3,42.266175386,65535,5,5,nan
60,1546715523.52,203,36210,1.12055985901,8,73.6464646465,0.333333333333,3,18.5990386764,65535,4,4,nan
60,1546715583.64,381,67253,0.80323734575,12,73.1193633952,0.25,4,6.06902525146e+15,65535,6,8,nan
60,1546715643.68,673,122140,0.406034223649,19,65.9044776119,0.4,5,6.39870246792e+15,65535,12,12,nan
60,1546715703.71,18,1950,5.93978442037,3,64.0,1.0,1,194705.842771,5795,0,0,nan
60,1546715763.71,20,1501,4.18341988564,4,64.0,1.0,1,38566.951889,8828,0,0,nan
60,1546715823.75,57,6568,3.63144146874,13,64.0,0.666666666667,3,8.18115911067e+15,65535,1,2,nan
60,1546715883.75,91,10445,1.27522855033,13,85.5505617978,0.6,5,501716.469101,65535,2,2,40.0
60,1546715943.75,4158,5646551,0.264476201698,7,64.2151624549,0.4,5,2.41025454095,65535,4,4,nan
60,1546716003.78,91,29059,3.06901159117,8,69.7528089888,0.571428571429,7,90765.7277874,65535,1,1,nan
60,1546716125.08,13,1089,3.69334113958,1,64.0,1.0,1,230774.129538,1436,0,0,nan
60,1546716185.08,11,798,7.98120324455,2,64.0,1.0,2,336.749333273,1544,0,0,nan
60,1546716366.88,19,1770,0.869216899343,2,64.0,1.0,2,1.52412892076,65535,0,0,nan
60,1546716612.26,164,45340,1.3143137483,15,64.0,0.5,4,3.17557516827e+15,65535,11,11,nan
60,1546716672.26,12,905,12.0862405629,8,64.0,0.666666666667,3,5701926536.02,1671,1,1,nan
60,1546716732.27,27,3368,8.00328143394,4,64.0,0.5,2,236253.726147,65535,1,1,nan
60,1546716792.27,21,1936,5.69608818492,5,64.0,1.0,2,213616.502474,65535,0,0,nan
60,1546716852.9,20,1552,4.23056013547,4,64.0,1.0,1,131050.006642,1670,0,0,nan
60,1546716973.8,33,3887,0.86818005093,4,64.0,0.666666666667,3,39755.0846815,65535,1,1,nan
60,1546717155.46,31,2641,2.93968940057,4,64.0,0.666666666667,3,57020.8255933,65535,1,1,nan
60,1546717276.1,17,1693,0.0456448258278,2,64.0,1.0,3,1.4147698998,65535,0,0,nan
60,1546717525.33,102,58134,0.348002334922,7,60.1030927835,0.625,8,6.87073677188e+15,65535,3,3,104.0
60,1546717771.51,166,27710,2.0580417206,11,74.1717791411,0.6,5,69.8366167154,65535,4,5,nan
60,1546717831.66,1348,195115,0.354933680577,13,66.838038633,0.6,5,6.4205516863e+15,65535,7,8,nan
60,1546717892.18,108,13862,1.34462829174,10,81.8504672897,0.6,5,30.8838622381,65535,2,3,nan
60,1546717952.65,76,7865,1.44852862897,11,79.4864864865,0.5,4,3.16346131264e+15,8828,1,1,nan
60,1546718013.81,124,16686,1.25879303109,9,73.393442623,0.5,4,10.7131304532,65535,3,4,nan
60,1546718074.88,104,11326,0.966226550131,6,75.3465346535,0.5,4,37.5175170205,2224,1,1,nan
60,1546718134.93,28,4027,3.05980409213,3,108.076923077,0.333333333333,3,4.87899918421,2224,1,1,nan
60,1546718195.02,99,11835,1.64076074164,7,75.8144329897,0.5,4,6.29141951656e+15,65535,2,2,nan
60,1546718255.8,459,59956,0.573876040159,11,71.5394736842,0.5,4,9.57921909739e+15,65535,6,7,nan
60,1546718317.43,84,10085,1.46616053636,8,78.325,0.6,5,3.14242355558e+15,65535,2,2,60.0
60,1546718377.51,76,8668,1.56006714474,7,79.28,0.5,4,16.3832367309,8828,1,1,nan
60,1546718438.34,34,4855,3.51656325096,3,98.7272727273,0.333333333333,3,12.6984501903,2651,1,1,nan
60,1546718498.34,743,94253,0.524780583087,11,68.1353179973,0.5,4,3.21984904321e+15,65535,8,11,nan
60,1546718558.99,335,42922,0.817210606523,10,72.4204204204,0.5,4,75.5505453091,65535,3,3,nan
60,1546718620.28,36,4485,1.93991815508,7,64.0,1.0,3,539702.968989,8828,0,0,nan
60,1546718680.32,22,1601,3.24100051021,5,64.0,1.0,3,426854.982291,8828,0,0,nan
60,1546718743.09,10,694,9.88882936162,5,64.0,1.0,2,7.47899374306e+14,2910,0,0,nan
60,1546718803.12,140,36048,0.644582104607,11,81.0666666667,0.625,8,6.11214134838e+15,65535,5,5,52.0
60,1546718863.14,84,13431,1.82634755229,8,144.172839506,0.666666666667,6,6.12300202793e+15,65535,2,2,nan
60,1546718923.15,161,39537,1.16750154865,12,88.4871794872,0.5,6,5.70021433731e+15,65535,6,6,nan
60,1546718983.23,34,5526,2.79531422569,5,171.4375,0.5,4,0.925785264418,1544,1,1,nan
60,1546719043.23,40,7079,3.25526455541,5,173.142857143,0.5,4,1.21688995997,65535,1,1,nan
60,1546719103.23,274,46352,1.34315104867,12,75.2767527675,0.6,5,31.8024741946,65535,6,7,nan
60,1546719163.24,101,11329,1.36419375316,13,91.0101010101,0.6,5,7.63122632797,65535,2,2,nan
60,1546719223.84,49,5619,2.3913519681,9,88.3829787234,0.6,5,7.13868361854,5889,1,1,nan
60,1546719284.3,23,3594,4.49493491242,5,116.090909091,0.5,4,1.08154697888,2876,1,1,nan
60,1546719344.32,25,6757,3.91698790955,5,113.826086957,0.6,5,0.804211927438,2285,1,1,nan
60,1546719404.33,25,3849,4.49791259031,5,111.75,0.5,4,9.40109577045e+15,1711,1,1,nan
60,1546719469.84,43,5687,4.37250089618,3,91.2857142857,0.333333333333,3,2.25926506104,65535,1,1,nan
60,1546719529.84,2171,168189,0.534711879474,8,64.5288417167,0.5,4,1.28870813455e+16,65535,5,5,nan
60,1546719589.85,276,45878,1.19523325754,16,72.4888888889,0.5,4,3.20745200702e+15,65535,9,10,nan
60,1546719649.85,1906,142187,0.527098703794,7,65.204414083,0.333333333333,3,3.23078940936e+15,65535,1,1,nan
60,1546719709.86,546,79950,0.954990864994,12,67.5435992579,0.571428571429,7,3.23044060167e+15,65535,10,11,60.0
60,1546719769.87,370,59016,0.909565530056,11,69.1761517615,0.5,4,82.0596971591,65535,2,2,nan
60,1546719829.94,32,2283,4.72816695224,6,55.3103448276,1.0,2,300383.008299,5101,0,0,nan
60,1546719891.8,166,26130,1.77591800147,13,51.0306748466,0.571428571429,7,9310848.28862,65535,2,2,nan
60,1546719951.89,46,9368,3.27270393595,7,89.4666666667,0.6,5,7.36100017712,65535,3,3,nan
60,1546720014.27,108,28299,1.96605668093,8,61.8285714286,0.4,5,1562.02791981,65535,3,3,nan
60,1546720074.38,84,12279,2.14929257063,9,61.1851851852,0.5,6,1.25325355367,65535,2,2,nan
60,1546720134.49,20,4200,5.94137783553,6,127.666666667,0.5,4,0.73776682054,3718,1,1,nan
60,1546720194.54,60,7704,2.62969348051,4,53.298245614,0.333333333333,3,0.365279642452,1549,0,0,nan
60,1546720257.44,77,11743,2.41623798232,7,60.9189189189,0.4,5,29.725722795,65535,1,1,nan
60,1546720318.51,124,26663,1.99542001446,8,65.2727272727,0.5,6,44.1223374007,65535,3,3,nan
60,1546720381.7,122,17572,1.10622816626,9,62.0840336134,0.4,5,912.1956679,65535,3,4,nan
60,1546720441.86,2082,254040,0.173573081605,12,64.9187109187,0.6,5,302.772444583,65535,7,9,nan
60,1546720501.92,183,39105,0.472624847133,7,75.3333333333,0.5,4,29.936114971,65535,2,2,nan
60,1546720562.26,52,3866,2.57539043951,8,64.0,1.0,2,958297.779039,8828,0,0,nan
60,1546720622.26,11,908,5.17252512516,2,64.0,1.0,2,945.224201766,2019,0,0,nan
60,1546720682.58,14,952,8.94565279747,4,64.0,1.0,2,1.15242490885e+15,2019,0,0,nan
60,1546720742.63,14,1791,7.68139367225,2,64.0,1.0,2,2.26747275127,65535,0,0,nan
60,1546720925.8,14,1023,7.83650716088,3,64.0,0.666666666667,3,4.86914784839e+15,1792,1,1,nan
60,1546720986.39,24,2292,1.51356403246,2,64.0,1.0,3,2.32796064592,65535,0,0,nan
60,1546721289.52,16,1498,1.001763807,2,64.0,1.0,2,1.38840885781,65535,0,0,nan
60,1546721412.03,205,39919,0.925413448717,12,71.702970297,0.5,8,4665360.13769,65535,7,8,94.0
60,1546721473.65,133,14692,0.988820047873,10,72.7480916031,0.666666666667,6,6.35381565567e+15,65535,2,3,nan
60,1546721533.66,65,7481,1.68760406995,5,82.1904761905,0.5,4,17.5439199466,1671,1,1,nan
60,1546721593.67,780,138722,0.481054515996,15,68.4418604651,0.571428571429,7,3.24236664933e+15,65535,10,10,nan
60,1546721654.26,112,15042,1.34902134706,13,74.4181818182,0.6,5,26.0252392945,65535,3,4,nan
60,1546721714.45,535,93607,0.429772237685,9,69.0548204159,0.6,5,84.9745956905,65535,4,4,nan
60,1546721775.74,116,17325,1.33945953485,15,87.875,0.6,5,1.47639317961e+16,8828,1,1,nan
60,1546721836.06,82,9365,1.74823457345,11,78.325,0.5,4,9.42738828885,8828,1,2,nan
60,1546721896.08,168,16261,1.18680938372,9,70.9036144578,0.5,4,33.2366644462,65535,2,3,nan
60,1546721956.09,136,13667,1.05940432232,5,72.6818181818,0.5,4,16.3624541151,8828,1,2,nan
60,1546722016.09,145,13366,1.05508616088,7,72.013986014,0.5,4,3.18701843343e+15,8828,2,2,nan
60,1546722076.1,121,11364,1.01111481741,6,73.55,0.6,5,45.8238590088,8828,1,1,nan
60,1546722136.14,201,18157,0.869308404996,4,71.6783919598,0.5,4,41.8515290555,8828,1,1,nan
60,1546722196.25,15,2571,2.18140382828,4,73.2857142857,0.333333333333,3,43448.8879947,3823,1,1,nan
60,1546722377.93,57,6252,0.490773789947,5,64.0,0.75,4,4.71994349153e+15,65535,1,2,nan
60,1546722439.58,25,2571,0.655742111662,2,64.0,1.0,2,2.32841503077,2216,0,0,nan
60,1546722559.82,18,1723,10.1015991112,2,64.0,1.0,2,3.92424772903,65535,0,0,nan
60,1546722619.98,12,878,8.76842848943,2,64.0,1.0,2,336.79808663,2216,0,0,nan
60,1546722679.98,82,10173,0.957900287214,6,64.0,0.8,5,326675.557147,65535,2,4,nan
60,1546722739.98,32,12346,5.56432510234,4,64.0,0.5,2,3.13890045426e+15,65535,1,1,nan
60,1546722921.12,181,22586,1.48672457887,8,64.1340782123,0.4,5,33.770073548,65535,3,4,nan
60,1546722981.31,28,3579,3.1767244529,6,69.2,0.333333333333,3,2.66841593272e+15,8828,1,1,nan
60,1546723041.37,12,876,0.967257502961,1,64.0,1.0,1,1.24065386111e-16,6017,0,0,nan
60,1546723103.22,79,16361,1.37816625241,7,64.0,0.666666666667,3,10.3998302545,65535,5,5,nan
60,1546723163.24,74,10856,2.8095690008,7,58.8857142857,0.4,5,20.0046321975,65535,1,1,nan
60,1546723223.33,463,60239,0.731562899836,11,65.1652173913,0.25,4,94.060781863,65535,8,8,nan
60,1546723284.2,179,26657,1.09691722662,9,69.0508474576,0.333333333333,3,1.24054522297e+16,8828,1,1,nan
60,1546723344.36,234,35294,1.19383922534,9,68.9184549356,0.5,4,42.691820659,65535,2,2,nan
60,1546723404.55,2642,288519,0.189787579581,22,64.7237589996,0.5,4,1.30290019683e+16,65535,14,19,60.0
60,1546723464.68,1310,165173,0.201483262249,10,64.8754774637,0.5,4,197.206216942,16384,1,1,60.0
60,1546723524.75,1039,162324,0.270065849103,8,65.1051108968,0.5,4,146.547208296,16384,1,1,60.0
60,1546723584.78,316,65615,0.857296433279,9,67.6380952381,0.5,4,52.2018742459,65535,4,5,60.0
60,1546723644.83,85,20388,1.69535034572,7,77.8072289157,0.333333333333,3,3.21164128163e+15,65535,2,2,nan
60,1546723705.06,495,56401,0.613372586005,9,70.1987829615,0.333333333333,3,139.772228034,65535,6,6,nan
60,1546723765.65,764,123030,0.44305359239,11,68.0263504611,0.333333333333,3,3.26182242388e+15,65535,4,5,nan
60,1546723825.67,785,125010,0.468656824426,11,67.9029374202,0.333333333333,3,6.50334438798e+15,65535,4,4,nan
60,1546723885.74,137,22406,1.41229385924,18,72.4888888889,0.6,5,1.19699295574e+16,65535,3,4,nan
60,1546723945.78,936,114333,0.275318183965,11,66.0471596999,0.333333333333,3,9.74076219157e+15,65535,6,6,nan
60,1546724005.95,1427,127720,0.205525230119,11,64.8036465638,0.333333333333,3,3.26552315521e+15,65535,3,3,nan
60,1546724066.64,67,8268,1.83550738466,6,93.84375,0.333333333333,3,6.34839735705,1987,1,1,nan
60,1546724126.72,522,79689,0.599505190925,16,74.8549323017,0.333333333333,6,6.39375949362e+15,65535,4,5,48.0
60,1546724186.97,60,6827,1.68823634515,12,106.49122807,0.333333333333,3,1.00182915719e+16,8828,1,1,nan
60,1546724367.57,12,962,11.1358274994,2,64.0,1.0,1,3.91300441798e+15,1991,0,0,nan
60,1546724427.79,12,2045,3.44505720424,2,64.0,0.5,2,0.125418827837,65535,2,2,nan
60,1546724547.96,22,2070,1.96340903046,3,64.0,0.666666666667,3,2815.18648019,65535,2,2,nan
60,1546724728.83,22,5212,0.0937894330115,3,64.0,0.5,2,2.05395381554,65535,1,1,nan
60,1546724788.85,21,6553,3.76106850379,3,64.0,1.0,1,0.890231985216,65535,0,0,nan
60,1546724848.91,21,2151,2.05940273708,4,64.0,1.0,2,3.30477907708e+13,65535,0,0,nan
60,1546724908.98,87,13117,0.983563084443,11,47.3975903614,0.428571428571,7,13488.0880268,65535,7,7,60.0
60,1546724968.98,867,316795,0.491700113385,27,64.3005780347,0.5,8,1672.30435421,65535,17,17,60.0
60,1546725029.04,3083,674834,0.225884887163,27,63.8771929825,0.571428571429,7,1.3078553145e+16,65535,7,7,94.0
60,1546725089.07,779,122187,0.503417358959,13,64.0,0.6,5,9.77804595769e+15,65535,3,4,nan
60,1546725149.07,40,29978,3.82357305546,3,64.0,0.5,2,0.538561696381,1671,0,0,nan
60,1546725209.7,12,881,8.67351822278,4,64.0,1.0,1,1.03743868714,2989,0,0,nan
60,1546725269.76,18,1344,5.84591400596,5,64.0,1.0,1,2.62220312055e+15,1670,0,0,nan
60,1546725329.86,18,1353,2.4079727041,5,64.0,1.0,1,2.95178355485e+15,2104,0,0,nan
60,1546725390.11,12,899,6.7051043452,3,64.0,1.0,1,4.95035291129e+15,2104,0,0,nan
60,1546725450.35,13,2491,1.19709545489,2,64.0,0.5,2,0.696585010723,65535,1,1,nan
60,1546725511.27,1277,211670,0.233197154483,35,64.0188679245,0.5,8,337.801473512,65535,32,38,124.0
60,1546725571.62,1291,547803,0.413892877852,14,64.8890612878,0.4,5,86.4329538937,65535,5,6,nan
60,1546725631.63,1316,178055,0.378879085694,12,64.8714828897,0.5,4,1.5401293449e+16,65535,2,2,nan
60,1546725692.35,17,1016,6.64223751062,3,38.8,1.0,2,0.000426067784459,65535,0,0,nan
60,1546725752.45,39,2658,1.52290714431,21,64.0,1.0,2,329794.51918,8828,0,0,nan
60,1546725873.23,11,799,2.9472697538,4,64.0,1.0,2,47322.7392363,1968,0,0,nan
60,1546726234.56,13,2425,1.17279932223,2,64.0,0.5,2,0.765007674207,65535,1,1,nan
60,1546726294.59,87,7334,2.11976509315,6,64.0,0.666666666667,3,2.94562919005e+12,65535,1,2,nan
60,1546726355.36,43,2468,3.100070554,5,64.0,1.0,1,3199.44458588,65535,0,0,nan
60,1546726475.68,28,5258,0.909672888739,4,64.0,0.5,2,1.55080843194,65535,1,1,nan
60,1546726776.38,11,594,14.5792726688,1,64.0,1.0,1,nan,65535,0,0,nan
60,1546726958.31,14,3197,1.26535255527,2,64.0,0.5,2,1.11822161846,65535,1,1,nan
60,1546727018.63,69,12979,0.188838426495,4,64.0,0.5,2,562.358654529,65535,3,3,nan
60,1546727561.33,14,5898,0.0635003215092,2,64.0,0.5,2,1.04126904369,65535,1,1,nan
60,1546727742.03,144,65043,1.43360688726,8,64.0,0.75,4,597203.380276,65535,5,5,60.0
60,1546727802.04,10,660,10.8192570776,4,64.0,1.0,1,222891.749771,1797,0,0,nan
60,1546728765.15,59,19021,0.423827987186,6,64.0,0.333333333333,3,2.63915229264,65535,6,6,nan
60,1546728945.56,64,9884,1.5989616739,6,48.0,0.4,5,55.0800478315,65535,1,1,nan
60,1546729667.59,33,8000,0.570500625158,3,64.0,0.5,2,54.6413646311,65535,2,2,nan
60,1546729908.7,32,3484,0.457623864454,7,64.0,0.666666666667,3,2.60627472597,65535,1,1,nan
60,1546730691.04,26,7285,0.887020231475,3,64.0,0.5,2,6.40443004957,65535,2,2,nan
60,1546730751.14,28,3845,0.770111742044,4,64.0,0.5,2,2.25338507517e+15,65535,2,2,nan
60,1546730811.14,34,4393,4.04137318131,5,64.0,0.5,2,29437.9052716,65535,2,2,nan
60,1546730992.09,10,4096,1.64688709771,2,64.0,0.0,2,nan,nan,1,1,nan
60,1546731112.43,52,20146,3.60126729015,4,64.0,0.75,4,84997.6485401,65535,1,1,nan
60,1546732797.31,29,3158,4.42085485816,4,64.0,0.666666666667,3,1.83757239653,65535,1,2,nan
60,1546732857.49,13,965,1.92695052383,3,64.0,1.0,2,2.92645722508e+15,1712,0,0,nan
60,1546733278.77,211,23275,0.778587163804,10,64.0,0.5,4,3.25662811025e+15,65535,6,6,60.0
60,1546733338.79,1571,1479071,0.22106767131,7,64.0,0.333333333333,3,1.96373332605e+16,65535,2,2,nan
60,1546733398.89,654,479590,0.306545696492,23,64.0,0.666666666667,6,1.62277013702e+16,65535,12,12,nan
60,1546733458.98,556,571548,0.543535252348,11,64.0,0.5,2,3.28416002862e+15,65535,1,2,nan
60,1546733519.46,142,42117,1.51209449102,9,64.0,0.666666666667,3,1.2614631577e+16,65535,1,1,nan
60,1546733760.12,11,690,1.01077238121,2,64.0,1.0,1,39967.5458154,1404,0,0,nan
60,1546734301.67,113,17428,0.294912458459,10,64.0,0.5,2,11.0230185813,65535,7,7,nan
60,1546734361.87,28,3949,0.216981265098,3,64.0,0.5,2,2.15981141079,65535,2,2,nan
60,1546734722.79,211,64430,1.12384489791,9,64.0,0.5,4,3143650.34691,65535,5,5,nan
60,1546735203.74,53,12766,0.445532826204,2,64.0,0.0,2,nan,nan,1,1,nan
60,1546735685.9,75,20370,0.296890264863,9,64.0,0.5,4,3.18521174631e+15,65535,6,6,nan
60,1546735746.15,38,8543,2.62652176769,5,64.0,0.5,2,17429.9580803,65535,2,2,nan
60,1546735806.28,10,750,1.39909783907,2,64.0,1.0,1,0.224037092285,1626,0,0,nan
60,1546736107.07,14,2907,1.36009389065,2,64.0,0.5,2,1.76346959303,65535,1,1,nan
60,1546736287.6,15,4733,1.13660373378,3,64.0,0.5,2,0.68331740701,65535,1,1,nan
60,1546736528.18,42,9785,0.27152948599,6,64.0,0.333333333333,3,2.62349140716,65535,3,3,nan
60,1546736648.6,24,6502,0.672729605232,3,64.0,0.5,4,1.50049288923,65535,1,1,nan
60,1546736768.96,56,8939,0.148970924426,7,64.0,0.666666666667,3,8.33820967214e+15,65535,3,3,60.0
60,1546737130.11,42,6538,0.601763893836,5,64.0,0.666666666667,3,1.16389347705,65535,3,3,nan
60,1546737190.3,13288,18578659,0.0535339370478,7,64.0,0.666666666667,3,3.29477660973e+15,65535,2,2,nan
60,1546737250.3,18174,25544678,0.00571768356287,2,64.0,1.0,2,2346.66472392,65535,0,0,nan
60,1546737310.3,15789,21933816,0.00743808718655,3,64.0,1.0,1,1885.42968316,65535,0,0,nan
60,1546737370.31,16537,22879069,0.00747506157691,4,64.0,1.0,1,6.59530013022e+15,65535,0,0,nan
60,1546737430.31,19839,28004677,0.00949749362193,4,64.0,1.0,1,7655.94500482,65535,0,0,nan
60,1546737490.31,19430,27350004,0.010595651548,1,64.0,1.0,1,6664.03210645,65535,0,0,nan
60,1546737550.31,15477,21529086,0.0106684384748,1,64.0,1.0,1,2973.31150512,65535,0,0,nan
60,1546737610.33,16257,22548233,0.00918576529881,2,64.0,1.0,1,2356.76601592,65535,0,0,nan
60,1546737670.33,18045,25323707,0.00991474212463,4,64.0,0.333333333333,3,3696.61355626,65535,1,1,nan
60,1546737730.34,11014,15197076,0.00884287756669,1,64.0,1.0,1,1563.16425902,65535,0,0,nan
60,1546737790.74,8217,11406979,0.10949825834,5,64.0,0.666666666667,3,272103845.14,65535,2,2,nan
60,1546737850.77,13810,19424581,0.0112256497804,1,64.0,1.0,1,3835.30820944,65535,0,0,nan
60,1546737911.12,15462,21758237,0.0375741073892,2,64.0,1.0,2,205607943.906,65535,0,0,nan
60,1546737971.8,12073,17046732,0.00826297020673,4,64.0,1.0,2,6.60350772175e+15,1544,0,0,nan
60,1546738031.87,12624,17842384,0.00937034409451,2,64.0,1.0,1,6626.00806004,1628,0,0,nan
60,1546738092.23,18945,26752277,0.00947748133371,2,64.0,1.0,2,8346.8037789,1412,0,0,nan
60,1546738152.23,19572,27624656,0.0256409173603,4,64.0,0.5,2,109598766.821,65535,1,4,nan
60,1546738212.23,13448,18908707,0.183419909826,9,63.9168525956,0.428571428571,7,1124162435.63,65535,3,3,nan
60,1546738272.23,18441,26014215,0.0106442613536,4,64.0,0.5,2,2978.03726664,65535,0,0,nan
60,1546738332.23,9215,12968446,0.328283561157,5,64.0,0.75,4,681581052.917,65535,1,1,nan
60,1546738392.23,9084,12546290,0.162182521505,12,64.0,0.75,4,3.30601477419e+15,65535,5,14,nan
60,1546738452.23,3821,5080396,0.313312201643,7,64.0,1.0,2,371798371.886,65535,0,0,nan
60,1546738512.24,9971,13493689,0.107972155543,2,64.0,1.0,2,411614960.306,65535,0,0,nan
60,1546738572.24,13326,18612422,0.0672418456231,2,64.0,1.0,1,378675469.822,65535,0,0,nan
60,1546738632.29,3054,4303082,0.864929595296,2,64.0,1.0,2,6398966.18991,1403,0,0,nan
60,1546738692.29,1002,1408967,0.0250022439139,1,64.0,1.0,1,147.099760018,1407,0,0,nan
60,1546738935.39,2224,2386275,0.39127627241,5,64.0,0.666666666667,3,3.3080203089e+15,65535,1,3,nan
60,1546738995.5,384,62777,1.2621290977,2,64.0,1.0,2,26817734.0599,65535,0,0,nan
60,1546739837.47,40,17972,0.464482383966,3,64.0,0.5,2,4.10875115972,65535,2,2,nan
60,1546739897.49,94,54538,0.0773562680724,8,64.0,0.333333333333,3,3.257167949e+15,65535,4,4,nan
60,1546740017.53,14,2108,0.079599448028,2,64.0,0.5,2,1.10567362801,65535,1,1,nan
60,1546740924.3,11,1863,1.55443399243,2,64.0,0.5,2,0.837024304514,65535,1,1,nan
60,1546742368.51,72,18831,0.377859394704,7,64.0,0.75,4,7.71561134678,65535,2,2,nan
60,1546742428.72,20,15053,1.17887837252,1,64.0,1.0,1,0.917245007568,65535,0,0,nan
60,1546743211.18,37,12488,0.55226123218,2,64.0,0.5,2,2.86791301752,65535,1,1,nan
60,1546743511.87,184,17167,1.76811633309,8,64.0,0.75,4,147344.822756,65535,5,5,60.0
60,1546744113.64,28,5559,2.97007683956,3,64.0,0.5,2,12166.3944567,65535,1,1,nan
60,1546744354.47,23,11007,0.0487330162309,2,64.0,0.5,2,2.16260106893,65535,1,1,nan
60,1546744474.97,17,11508,1.09591446089,2,64.0,0.0,2,nan,nan,1,1,nan
60,1546745377.37,63,22225,0.5067818695,7,64.0,0.25,4,3.14474979832e+15,65535,6,6,nan
60,1546745678.13,29,3166,0.426581170654,6,64.0,0.666666666667,3,5.76415483014e+15,65535,1,1,nan
60,1546745798.54,170,25879,0.821661186188,9,64.0,0.75,4,13.2022779551,65535,4,5,nan
60,1546746098.58,2592,268783,0.200409217536,16,64.156817304,0.571428571429,7,3.31129800127e+15,65535,7,10,nan
60,1546746158.58,1005,138660,0.301003218849,9,65.1414342629,0.333333333333,3,161.079489902,65535,2,2,nan
60,1546746218.58,448,96864,0.593041575466,10,66.5637583893,0.333333333333,3,91.9288560898,65535,4,4,nan
60,1546746278.59,270,59584,1.078606373,20,69.7378277154,0.6,5,9.8217077953e+15,65535,6,7,nan
60,1546746338.65,38,2888,3.13063406584,6,64.0,1.0,2,423982.795216,8828,0,0,nan
60,1546746399.36,25,1943,4.13348266531,3,64.0,1.0,1,652237.594215,7748,0,0,nan
60,1546746520.71,19,1433,4.94252131325,5,64.0,1.0,2,71292.1825622,1800,0,0,nan
60,1546747182.41,36,14685,6.25808524311,3,64.0,0.5,2,4173.01074423,65535,2,2,nan
60,1546748084.54,24,6204,0.578783679739,3,64.0,0.5,2,129.881680344,65535,1,1,nan
60,1546748324.57,1010,201004,0.145461889863,34,65.5546719682,0.5,10,34.2933994118,65535,26,28,82.6666666667
60,1546748384.57,317,67340,1.1654608384,21,59.5833333333,0.333333333333,6,865844.07148,65535,1,1,nan
60,1546748444.6,20,2716,4.80313267115,5,17.5789473684,0.333333333333,3,nan,1634,0,0,nan
60,1546748504.92,308,56653,0.540657705103,14,56.6184210526,0.428571428571,7,160.073759175,65535,2,2,94.0
60,1546748565.57,145,26667,0.842569948791,17,56.0141843972,0.555555555556,9,267707.991981,2446,1,1,94.0
60,1546748625.62,259,52714,1.56280149612,14,55.0988142292,0.5,8,3.26285219989e+15,65535,3,3,72.4
60,1546748685.66,4300,5617316,0.132405694472,15,63.6803907886,0.5,8,38.938837761,65535,7,7,76.0
60,1546748745.74,336,59341,0.482153024335,21,60.6407185629,0.5,8,3.30914667069e+15,65535,12,12,94.0
60,1546748805.77,157,32947,0.846654107635,11,56.6666666667,0.5,8,67.622977617,65535,2,2,94.0
60,1546748865.78,130,19688,0.985260590181,7,55.024,0.428571428571,7,32.721122551,2547,1,1,94.0
60,1546748926.07,150,22351,0.882236664683,9,54.5890410959,0.428571428571,7,33.9011394494,65535,2,2,94.0
60,1546748986.39,139,17285,0.920338838184,16,46.6870229008,0.428571428571,7,3.20264948884e+15,3532,2,2,94.0
60,1546749046.57,208,33414,0.894469174028,11,52.66,0.5,6,1.24878528936e+16,65535,2,2,94.0
60,1546749106.76,100,14415,1.22329114068,5,40.375,0.6,5,3.09824187701e+15,4482,0,0,94.0
60,1546749167.15,99,14373,1.14341668415,4,40.375,0.6,5,6.12909288235,4482,0,0,94.0
60,1546749227.15,155,51206,1.06991096588,8,49.0789473684,0.571428571429,7,10.8923499884,65535,2,2,94.0
60,1546749287.16,152,22981,0.844983211072,8,57.3422818792,0.428571428571,7,212.464215635,65535,1,1,94.0
60,1546749347.19,93,12719,1.18588806662,8,44.0,0.5,6,3.25284304813e+15,4482,0,0,94.0
60,1546749407.19,53,7376,2.56254418347,3,55.7826086957,0.333333333333,3,2.33197442737,65535,0,0,nan
60,1546749467.21,23,2729,3.32759616046,4,28.0,0.333333333333,3,399.307300856,1628,0,0,nan
60,1546749527.22,81,12987,3.31726711554,7,54.3076923077,0.4,5,7.68669845239,65535,2,3,nan
60,1546749587.24,28,3688,2.72729640448,5,22.0,0.333333333333,3,2.23554668154e+15,1634,0,0,nan
60,1546749647.24,21,2557,5.36949397531,4,24.2105263158,0.333333333333,3,0.302972442543,1634,0,0,nan
60,1546749767.25,29,5536,5.41881107228,2,20.3846153846,0.0,2,nan,nan,0,0,nan
60,1546749827.25,146,24144,0.786653033561,11,65.0138888889,0.428571428571,7,52.9039711668,65535,3,3,94.0
60,1546749887.26,131,19900,0.906462700072,7,55.234375,0.428571428571,7,8.60228729067,4098,1,1,94.0
60,1546749947.29,142,21430,0.859093935326,6,54.8905109489,0.333333333333,6,23.3588039947,65535,1,1,94.0
60,1546750007.32,60,8011,2.10467436825,6,19.6666666667,0.333333333333,3,6.66945572621e+15,1634,0,0,nan
60,1546750067.33,54,9037,2.17690659619,6,19.5294117647,0.25,4,0.0473742457427,1406,1,1,nan
60,1546750127.45,194,31401,0.682337174901,10,59.4631578947,0.428571428571,7,80.8395135377,65535,3,3,94.0
60,1546750187.47,100,14421,1.01440096489,4,40.375,0.6,5,8.96691684147,4753,0,0,94.0
60,1546750247.78,97,14190,0.948150321435,3,39.6129032258,0.5,4,7.65430562128,4884,0,0,94.0
60,1546750307.8,161,25267,0.764827778052,9,57.6815286624,0.428571428571,7,355.476714266,65535,2,2,94.0
60,1546750368.09,133,20851,0.770771516098,10,47.5538461538,0.5,8,9.93575482652,5146,1,1,94.0
60,1546750428.6,73,10169,1.12929995789,5,42.4,0.6,5,3.25516517912e+15,5233,0,0,94.0
60,1546750488.81,60,8702,3.8529521555,3,50.5,0.5,4,2.9521750651,65535,0,0,94.0
60,1546750610.43,56,13053,4.11869361945,5,50.0,0.0,3,nan,nan,1,1,nan
60,1546750670.67,11,1296,8.48296583133,2,22.0,0.0,2,nan,nan,0,0,nan
60,1546750730.7,57,8298,3.08217556308,5,50.2545454545,0.4,5,3.15223862763,65535,1,2,nan
60,1546750790.77,20,2290,5.48788986775,3,29.0,0.333333333333,3,0.000277348662003,1634,0,0,nan
60,1546750851.38,56,12760,3.41008662934,7,50.2545454545,0.5,6,6256.69619689,65535,2,2,nan
60,1546750911.53,46,7909,3.203794904,6,36.3414634146,0.4,5,227.048348451,5539,2,2,94.0
60,1546750971.7,59,8325,3.60884032445,4,50.2545454545,0.5,4,747186.667578,65535,0,0,94.0
60,1546751031.71,87,12578,1.1534055098,3,50.1707317073,0.5,4,468386.41773,65535,0,0,94.0
60,1546751092.49,151,21137,1.69847503778,4,56.2857142857,0.6,5,4849116.04032,65535,0,0,94.0
60,1546751153.31,664,91013,0.589669132143,16,63.0654490107,0.5,8,6040258.78514,65535,9,10,94.0
120,1546715222.59,398,100785,1.6607552112,13,68.2188295165,0.6,5,6.36554605197e+15,65535,6,6,nan
120,1546715342.68,189,19146,1.71602842795,11,83.1444444444,0.6,5,3.18357760608e+15,65535,2,2,nan
120,1546715463.38,499,79237,0.908324243829,11,76.2244897959,0.333333333333,3,61.3359828522,65535,6,9,nan
120,1546715583.64,1054,189393,0.582889916426,23,68.5023877746,0.4,5,1.26955523102e+16,65535,17,20,nan
120,1546715703.71,38,3451,5.05907298581,5,64.0,1.0,1,1074183.85088,8828,0,0,nan
120,1546715823.75,148,17013,2.47045059736,23,77.2275862069,0.666666666667,6,1.23665298337e+16,65535,3,4,40.0
120,1546715943.75,4249,5675610,0.679517987899,9,64.3312912347,0.571428571429,7,6674749.48105,65535,4,5,nan
120,1546716063.78,19,1577,15.4541696306,3,71.2222222222,0.5,2,230774.129538,1436,0,0,nan
120,1546716183.78,15,1050,9.5687256904,3,64.0,1.0,2,6351.09246299,3849,0,0,nan
120,1546716306.88,23,2013,17.4577853848,2,64.0,1.0,3,2.07272174675e+15,65535,0,0,nan
120,1546716548.57,167,45608,4.86260195021,15,64.0,0.5,4,3.17557516827e+15,65535,11,11,nan
120,1546716668.57,39,4273,9.40182131266,9,64.0,0.666666666667,3,2.55401476666e+15,65535,2,2,nan
120,1546716788.57,41,3488,5.35236655578,8,64.0,1.0,2,2304782.04178,65535,0,0,nan
120,1546716908.9,36,4123,10.4752711119,6,64.0,0.666666666667,3,531346.267016,65535,1,1,nan
120,1546717151.77,38,3093,5.61963186637,5,64.0,0.666666666667,3,150887.11559,65535,1,1,nan
120,1546717271.86,23,2159,9.50022807901,2,64.0,1.0,3,6877.33920753,65535,0,0,nan
120,1546717514.09,102,58134,0.348002334922,7,60.1030927835,0.625,8,6.87073677188e+15,65535,3,3,104.0
120,1546717755.82,641,100002,1.17027020774,18,69.6188976378,0.666666666667,6,3.21120410187e+15,65535,9,12,nan
120,1546717876.12,1043,143427,0.613989729774,14,68.7704130644,0.6,5,6.3924057933e+15,65535,3,5,nan
120,1546717997.88,211,26519,1.24851111331,14,75.1262135922,0.5,4,51.9767497791,65535,3,5,nan
120,1546718117.96,130,15694,2.08946241384,6,82.1904761905,0.5,4,6.21565226715e+15,65535,2,3,nan
120,1546718238.12,541,70472,0.818792449149,13,71.8395522388,0.6,5,9.60570411225e+15,65535,7,9,60.0
120,1546718358.2,123,14012,2.39416928803,10,83.4237288136,0.5,4,3.11243352441e+15,8828,1,2,nan
120,1546718478.6,1068,134159,0.717921426071,11,69.7551789077,0.5,4,3.22086021044e+15,65535,8,12,nan
120,1546718599.8,85,10975,4.0580758547,14,65.6049382716,0.6,5,3834058.3976,65535,2,2,nan
120,1546718720.64,102,30970,4.73669808547,11,76.8888888889,0.6,5,1.43387174342e+16,65535,4,4,nan
120,1546718842.93,256,50555,1.94337020935,16,97.2771084337,0.555555555556,9,1.19782252158e+16,65535,6,8,52.0
120,1546718962.94,109,20540,3.29065784763,11,163.32,0.666666666667,6,5.92970371721e+15,65535,2,3,nan
120,1546719082.97,374,56199,1.51374717421,16,79.5706521739,0.666666666667,6,40.797724809,65535,6,8,nan
120,1546719202.97,73,10673,3.24162176985,11,97.2173913043,0.6,5,8.4253619245,5889,1,3,nan
120,1546719323.22,53,10842,5.20949556879,7,109.84,0.6,5,1.13960499514e+16,2285,1,2,nan
120,1546719443.78,50,6545,5.25304200386,3,111.75,0.333333333333,3,2.25926506104,65535,1,1,nan
120,1546719567.69,3771,308834,0.482083488589,18,65.2194732642,0.6,5,1.61371828369e+16,65535,13,15,nan
120,1546719689.8,1471,178915,0.756766387182,16,66.6110731374,0.571428571429,7,6.46307798039e+15,65535,10,12,60.0
120,1546719812.88,136,20463,3.13192412592,12,56.427480916,0.5,6,8921839.80437,65535,2,3,nan
120,1546719935.67,155,29650,2.32846123929,13,70.0794701987,0.571428571429,7,32.3131583449,65535,5,6,nan
120,1546720056.42,180,37242,2.16057419034,10,61.3793103448,0.5,6,1553.4272122,65535,3,3,nan
120,1546720177.34,138,20978,2.26126537706,8,57.6992481203,0.4,5,28.503511067,65535,1,2,nan
120,1546720300.76,247,44251,1.88797947996,11,63.6916666667,0.5,6,3163.75584937,65535,5,7,nan
120,1546720421.1,2188,274037,0.496751280758,12,65.3992673993,0.6,5,316.090502122,65535,7,11,nan
120,1546720541.45,143,24234,3.1747954612,10,73.4518518519,0.666666666667,3,15646635.4346,8828,0,0,nan
120,1546720661.7,17,1255,9.8981990542,4,64.0,1.0,2,2.14885067606e+15,2019,0,0,nan
120,1546720782.33,17,1956,5.76348658274,2,64.0,1.0,2,3856.96251921,65535,0,0,nan
120,1546720905.64,33,2851,8.74770123287,5,64.0,0.75,4,8.9932386499e+15,65535,1,1,nan
120,1546721026.01,12,984,13.618052206,1,64.0,1.0,1,1.81654661406e+15,1470,0,0,nan
120,1546721273.91,17,1611,9.14244936758,2,64.0,1.0,2,1.38840885781,65535,0,0,nan
120,1546721395.06,292,47593,0.951555559891,14,73.4146341463,0.5,8,6.33366506154e+15,65535,7,8,94.0
120,1546721515.12,822,124470,0.683966638698,13,69.1621621622,0.714285714286,7,3.24439541837e+15,65535,9,11,nan
120,1546721635.53,682,133591,0.704426675344,19,68.5140324963,0.571428571429,7,104.22626463,65535,9,11,nan
120,1546721755.97,204,28225,1.50860629835,17,87.5076923077,0.6,5,1.57216136575e+16,8828,1,3,nan
120,1546721876.07,312,29146,1.11444102277,10,71.4657980456,0.5,4,51.794820885,65535,2,5,nan
120,1546721996.09,241,24148,1.11752213722,8,73.6708860759,0.6,5,3.22052684749e+15,8828,2,3,nan
120,1546722116.1,261,24366,1.08541768962,5,71.9069767442,0.5,4,139335.097107,8828,1,2,nan
120,1546722237.42,16,1234,12.5582205863,2,64.0,1.0,2,526473.795211,8828,0,0,nan
120,1546722360.24,57,6252,0.490773789947,5,64.0,0.75,4,4.71994349153e+15,65535,1,2,nan
120,1546722480.25,43,4294,8.68039246111,3,64.0,1.0,3,112779.443083,65535,0,0,nan
120,1546722600.42,14,962,14.4327220942,2,64.0,1.0,2,336.79808663,2216,0,0,nan
120,1546722720.42,113,22477,3.22435669148,7,64.0,0.8,5,3.20676096882e+15,65535,3,5,nan
120,1546722841.13,181,22398,2.81385810961,8,61.9774011299,0.4,5,33.770073548,65535,3,4,nan
120,1546722961.62,30,3851,4.05605393453,6,82.962962963,0.333333333333,3,2.66841593272e+15,8828,1,1,nan
120,1546723081.63,162,27755,3.9763043364,13,59.2564102564,0.5,6,86474814.1287,65535,6,6,nan
120,1546723203.05,626,85656,1.0226522745,13,66.2990353698,0.25,4,6.4838455398e+15,65535,8,9,nan
120,1546723323.25,1844,220261,0.525443887965,27,65.6608695652,0.6,5,1.62194116333e+16,65535,15,20,60.0
120,1546723443.31,3208,390483,0.194209092289,12,64.7151326053,0.5,4,3.26013321747e+15,65535,1,2,60.0
120,1546723563.72,571,124581,0.909931382716,12,68.0352112676,0.5,4,3.21378027053e+15,65535,5,7,60.0
120,1546723684.74,1227,174339,0.679762870487,11,68.38001638,0.333333333333,3,3.26205129851e+15,65535,8,11,nan
120,1546723805.78,916,146601,0.690879290772,18,69.4571428571,0.5,4,1.92201037467e+16,65535,5,6,nan
120,1546723925.79,2078,219908,0.348506602508,15,65.4734811958,0.5,4,1.30308485093e+16,65535,8,11,nan
120,1546724046.01,907,113361,0.63558424996,16,70.2424916574,0.4,5,6.50102584395e+15,65535,4,6,48.0
120,1546724166.03,92,13384,2.14514636784,15,117.568181818,0.25,4,1.13032337125e+16,8828,1,2,nan
120,1546724287.3,11,843,12.6764985954,3,64.0,1.0,1,2.49700386354e+15,1991,0,0,nan
120,1546724407.74,18,2513,8.77455723279,4,64.0,0.5,2,3.93128390541e+15,65535,2,2,nan
120,1546724528.12,23,2136,1.92241843835,3,64.0,0.666666666667,3,3796.02716089,65535,2,2,nan
120,1546724768.19,47,12029,8.49352185343,5,64.0,0.5,2,2.96142100377e+15,65535,1,1,nan
120,1546724888.28,923,320726,1.98788278999,27,62.7808069793,0.444444444444,9,185453442.588,65535,21,21,60.0
120,1546725008.28,3711,784618,0.387930552621,29,63.8978930308,0.571428571429,7,1.96063822523e+16,65535,11,11,94.0
120,1546725129.14,249,54191,2.4423507028,11,64.0,0.5,4,3.25727618472e+15,65535,2,3,nan
120,1546725249.22,35,2597,4.57120929933,6,64.0,1.0,1,5.99902267407e+15,2104,0,0,nan
120,1546725369.86,28,3634,8.14259918224,6,64.0,0.5,2,8.58304122382e+15,65535,1,1,nan
120,1546725489.97,1998,311677,0.337325144233,37,64.3955823293,0.5,8,427.52934109,65535,34,41,124.0
120,1546725610.18,1899,626557,0.529735793621,15,64.6065400844,0.4,5,1.54404925483e+16,65535,5,5,nan
120,1546725730.3,49,3376,5.16476539015,23,64.0,1.0,3,1601853.92229,8828,0,0,nan
120,1546725850.62,11,799,2.9472697538,4,64.0,1.0,2,47322.7392363,1968,0,0,nan
120,1546726210.99,63,5221,6.73036726254,5,64.0,0.666666666667,3,2.51307162434e+15,65535,1,1,nan
120,1546726331.14,85,7360,3.58808214744,7,64.0,0.666666666667,3,303110.236085,65535,1,2,nan
120,1546726451.27,28,5258,0.909672888739,4,64.0,0.5,2,1.55080843194,65535,1,1,nan
120,1546726692.13,18,1180,13.5899594664,3,64.0,1.0,2,35.233633917,65535,0,0,nan
120,1546726933.32,83,16176,3.49663903268,5,64.0,0.5,2,569557.09729,65535,4,4,nan
120,1546727535.57,18,6162,8.25008657499,3,64.0,0.5,2,3251.88795593,65535,1,1,nan
120,1546727655.68,147,65248,5.86783987719,9,64.0,0.75,4,1120684.05731,65535,5,5,60.0
120,1546727776.25,10,660,10.8192570776,4,64.0,1.0,1,222891.749771,1797,0,0,nan
120,1546728740.02,60,19063,7.12219904435,6,64.0,0.333333333333,3,2.63915229264,65535,6,6,nan
120,1546728860.16,67,10091,8.20287262091,7,48.5,0.5,6,480944.51115,65535,1,1,nan
120,1546729582.59,33,8000,0.570500625158,3,64.0,0.5,2,54.6413646311,65535,2,2,nan
120,1546729823.6,32,3484,0.457623864454,7,64.0,0.666666666667,3,2.60627472597,65535,1,1,nan
120,1546730665.97,54,11130,3.89159861929,6,64.0,0.5,2,3.06505332765e+15,65535,4,4,nan
120,1546730786.48,34,4393,4.04137318131,5,64.0,0.5,2,29437.9052716,65535,2,2,nan
120,1546730906.75,14,4395,14.0288290882,3,64.0,0.333333333333,3,nan,1544,1,1,nan
120,1546731147.1,49,19919,0.0474896664224,3,64.0,0.666666666667,3,4.18705971191,65535,1,1,nan
120,1546732712.1,34,3504,3.64172713749,4,64.0,0.666666666667,3,2.90372804252e+15,65535,1,2,nan
120,1546732832.11,16,1194,5.33778271857,4,64.0,1.0,2,3.02014139131e+15,1712,0,0,nan
120,1546733193.5,27,6522,0.123861231109,5,64.0,0.333333333333,3,3.09497158328e+15,65535,3,3,nan
120,1546733313.52,2016,1587633,0.367830561718,20,64.0,0.6,5,3.2589788477e+16,65535,10,10,60.0
120,1546733433.74,1085,1001062,0.523718613422,20,64.0,0.6,5,1.63638227727e+16,65535,9,10,nan
120,1546733553.78,15,894,7.09984003661,5,64.0,1.0,1,5.12003181156e+15,1634,0,0,nan
120,1546733674.71,17,1026,12.2277194802,2,64.0,1.0,1,382927.463658,1404,0,0,nan
120,1546734276.1,140,21335,5.25613398156,12,64.0,0.5,2,486910.802752,65535,9,9,nan
120,1546734396.41,12,708,21.7492549578,4,64.0,1.0,1,452.037487281,1728,0,0,nan
120,1546734517.16,11,782,11.4784313177,5,64.0,0.5,4,2188.22364989,3299,1,1,nan
120,1546734637.66,90,53155,6.13036789268,8,64.0,0.4,5,106810.129887,65535,3,3,nan
120,1546734757.8,128,11753,4.87295551595,6,64.0,0.333333333333,3,303393.012581,65535,3,3,nan
120,1546735239.12,53,12766,0.445532826204,2,64.0,0.0,2,nan,nan,1,1,nan
120,1546735721.01,113,28913,3.5943472113,11,64.0,0.5,4,3.21324812203e+15,65535,8,8,nan
120,1546735841.37,13,977,21.3742231667,3,64.0,1.0,2,55.127180429,1626,0,0,nan
120,1546736081.99,14,2907,1.36009389065,2,64.0,0.5,2,1.76346959303,65535,1,1,nan
120,1546736322.19,16,4846,6.54099443063,3,64.0,0.5,2,0.68331740701,65535,1,1,nan
120,1546736563.36,66,16287,11.7662315063,8,64.0,0.5,4,208380.760412,65535,4,4,nan
120,1546736804.09,67,9773,7.29724181325,8,64.0,0.666666666667,3,9.33234698531e+15,65535,3,3,60.0
120,1546737044.83,49,7038,8.9625713924,8,64.0,0.75,4,436017.883961,65535,3,3,nan
120,1546737164.91,23609,33023208,0.0403705953536,7,64.0,0.666666666667,3,3.29523796491e+15,65535,2,2,nan
120,1546737284.91,33352,46510277,0.00672721490903,5,64.0,1.0,2,3.29763393919e+15,65535,0,0,nan
120,1546737404.92,37401,52472592,0.00938169849829,5,64.0,1.0,1,3.29801876374e+15,65535,0,0,nan
120,1546737524.92,33662,47092259,0.0108019137973,2,64.0,1.0,1,7892.1554782,65535,0,0,nan
120,1546737644.92,34485,47963314,0.00917250748234,4,64.0,0.333333333333,3,5938.33560607,65535,1,1,nan
120,1546737764.92,20375,28440431,0.286322082938,5,64.0,0.666666666667,3,9226161496.13,65535,2,2,nan
120,1546737884.92,29424,41464364,0.131397197419,4,64.0,1.0,2,6.60680976287e+15,65535,0,0,nan
120,1546738004.92,23222,32816179,0.258337605337,2,64.0,1.0,1,4307596050.43,1628,0,0,nan
120,1546738124.92,35014,49416682,0.020193287988,6,64.0,0.5,4,177738696.523,65535,2,5,nan
120,1546738245.7,30226,42540168,0.0562332800521,12,63.9630058569,0.428571428571,7,1709463623.05,65535,3,3,nan
120,1546738366.75,15363,21214728,0.199435723336,12,64.0,0.75,4,3.30694622446e+15,65535,5,14,nan
120,1546738486.77,20632,28213549,0.119615270146,3,64.0,1.0,2,3327790062.97,65535,0,0,nan
120,1546738606.78,9150,12913314,0.508162368314,2,64.0,1.0,2,746389657.635,1407,0,0,nan
120,1546738726.79,13,942,13.3453684793,2,64.0,1.0,2,84744.6507508,1412,0,0,nan
120,1546738847.12,1724,2321674,0.48422785108,6,64.0,0.75,4,3.30589029243e+15,65535,1,3,nan
120,1546738967.13,890,127825,1.31146887831,3,64.0,1.0,3,87214549.7968,65535,0,0,nan
120,1546739087.18,12,823,22.4364960132,4,64.0,1.0,2,2.73595820403e+15,1671,0,0,nan
120,1546739807.45,134,72510,0.286881369904,9,64.0,0.333333333333,3,3.25934190022e+15,65535,6,6,nan
120,1546739927.5,19,2509,8.09384120857,4,64.0,0.666666666667,3,2.55191528784e+15,65535,1,1,nan
120,1546740047.53,16,1103,8.4004524195,5,64.0,1.0,2,383141.151365,1712,0,0,nan
120,1546740892.33,11,1863,1.55443399243,2,64.0,0.5,2,0.837024304514,65535,1,1,nan
120,1546742338.41,73,18944,1.49143570101,7,64.0,0.75,4,7.71561134678,65535,2,2,nan
120,1546742458.83,20,15053,1.17887837252,1,64.0,1.0,1,0.917245007568,65535,0,0,nan
120,1546743181.09,37,12488,0.55226123218,2,64.0,0.5,2,2.86791301752,65535,1,1,nan
120,1546743421.57,177,15045,5.43151139008,7,64.0,0.75,4,192605.271351,65535,4,4,60.0
120,1546743541.67,22,3112,11.831145766,6,64.0,0.75,4,168496.564615,65535,1,1,nan
120,1546744142.21,24,5233,3.09813810444,2,64.0,0.5,2,2.34640444996,65535,1,1,nan
120,1546744262.32,26,11193,2.95560800675,3,64.0,0.5,2,2024.85405248,65535,1,1,nan
120,1546744382.35,21,11835,14.5248083427,3,64.0,0.333333333333,3,0.497307207118,1943,1,1,nan
120,1546745343.26,66,22510,7.86886863493,8,64.0,0.25,4,3.14474979832e+15,65535,7,7,nan
120,1546745703.57,206,29495,4.46537341461,13,64.0,0.75,4,6.15959961182e+15,65535,5,6,nan
120,1546745943.59,12,856,15.4647019947,4,64.0,1.0,3,179831.928876,2808,0,0,nan
120,1546746063.6,3342,345403,0.21390813531,17,64.3504043127,0.571428571429,7,3.31291037371e+15,65535,7,11,nan
120,1546746183.6,954,215450,0.544331364794,20,67.2134595163,0.6,5,9.85486510555e+15,65535,9,12,nan
120,1546746303.61,79,7637,3.43893687691,13,64.0540540541,0.666666666667,3,3406103.57102,8828,0,0,nan
120,1546746423.65,16,1191,21.6048520118,5,64.0,1.0,2,408471.175615,1854,0,0,nan
120,1546746544.29,10,752,9.11475447718,2,64.0,1.0,2,316.965788857,1800,0,0,nan
120,1546747144.87,43,15230,6.58076268512,4,64.0,0.666666666667,3,212583.784878,65535,2,2,nan
120,1546748105.75,30,6627,10.9790907008,3,64.0,0.5,2,244206.28986,65535,1,1,nan
120,1546748345.86,1340,269988,0.616271925278,34,63.7609022556,0.5,10,2192739.26191,65535,26,29,82.6666666667
120,1546748465.88,379,71989,1.39924438277,16,55.9245283019,0.5,8,164.593379638,65535,2,3,94.0
120,1546748585.93,450,84365,1.44689463048,19,56.3918918919,0.5,8,3.30011579539e+15,65535,5,5,69.4545454545
120,1546748706.02,4589,5676153,0.195898905795,26,63.4557348452,0.5,8,3.31261453713e+15,65535,17,18,94.0
120,1546748826.03,272,41376,0.980388955045,12,55.4676806084,0.5,8,104.182060094,65535,2,3,94.0
120,1546748946.03,383,56632,0.853751380324,22,53.0354223433,0.375,8,6.57372230908e+15,65535,5,5,94.0
120,1546749066.18,200,28134,1.2474762675,9,40.2513089005,0.6,5,1.22526234661e+16,4482,0,0,94.0
120,1546749186.64,253,65522,1.15474949342,9,45.7096774194,0.571428571429,7,16.7305296525,65535,2,2,94.0
120,1546749306.77,255,37093,1.8189417467,9,55.7860082305,0.428571428571,7,3.30705336083e+15,65535,1,1,94.0
120,1546749426.86,46,7323,5.86805159318,6,27.1219512195,0.25,4,399.307300856,1628,1,1,nan
120,1546749546.94,110,14820,2.95277042911,8,45.8269230769,0.4,5,3.17463744175e+15,65535,1,2,nan
120,1546749667.07,31,4414,6.71699856125,2,10.0,0.0,2,nan,nan,0,0,nan
120,1546749787.16,202,33490,2.45514123946,11,60.9547738693,0.428571428571,7,55.9393192801,65535,3,3,94.0
120,1546749907.27,251,38156,0.984332789155,7,51.9581589958,0.428571428571,7,29.2889404178,65535,1,2,94.0
120,1546750027.37,201,33849,1.55247844008,13,47.3673469388,0.428571428571,7,9.09047163011e+15,65535,4,4,94.0
120,1546750147.39,218,30788,0.955766302547,8,42.9186602871,0.5,6,18.4995585224,4797,0,0,94.0
120,1546750267.47,272,41100,0.825066533133,10,53.0984848485,0.428571428571,7,392.432644332,65535,2,2,94.0
120,1546750387.48,212,32334,1.64416791347,9,46.0882352941,0.571428571429,7,3.31001753177e+15,65535,1,1,94.0
120,1546750507.75,64,14167,6.6896950944,5,45.4098360656,0.0,3,nan,nan,1,1,nan
120,1546750627.86,26,3482,6.96711419788,2,14.6956521739,0.0,2,nan,nan,0,0,nan
120,1546750747.96,73,9920,3.72740047533,5,47.5652173913,0.4,5,196021.484202,65535,1,2,nan
120,1546750868.07,101,20372,3.16446576512,9,45.2340425532,0.625,8,1490746.42526,65535,4,4,94.0
120,1546750988.18,196,28300,2.29631457591,3,51.8064516129,0.5,4,18170186.2332,65535,0,0,94.0
120,1546751108.29,763,104646,0.683453504216,16,62.1830238727,0.5,8,16650209.7334,65535,9,10,94.0
180,1546715222.59,534,113869,1.52360711753,18,70.3524904215,0.714285714286,7,9.55815315629e+15,65535,7,7,nan
180,1546715402.64,552,85299,1.30359249529,13,78.3770794824,0.5,4,14044413.6829,65535,6,10,nan
180,1546715583.64,1072,191343,1.21053507847,24,68.4304511278,0.4,5,1.27057283603e+16,65535,17,20,nan
180,1546715763.64,168,18514,3.14205399052,26,75.6951219512,0.666666666667,6,1.23811662739e+16,65535,3,4,40.0
180,1546715943.64,4255,5676098,0.680636111654,9,64.3614117647,0.571428571429,7,6674749.48105,65535,4,5,nan
180,1546716123.66,28,2139,9.36323322593,3,64.0,1.0,2,282633.536382,3849,0,0,nan
180,1546716306.88,29,2480,17.8421696027,3,64.0,1.0,3,2.39391936436e+15,65535,0,0,nan
180,1546716486.88,170,45818,7.31200407172,15,64.0,0.5,4,3.1831908523e+15,65535,11,11,nan
180,1546716666.89,60,6209,8.28048047442,11,64.0,0.75,4,8.99166451068e+15,65535,2,2,nan
180,1546716847.49,53,5398,9.37110931299,9,64.0,0.666666666667,3,10340731.0139,65535,1,1,nan
180,1546717027.71,41,3448,8.71568163092,4,64.0,0.666666666667,3,905229.504275,65535,1,1,nan
180,1546717208.5,31,2653,10.6039894228,3,64.0,1.0,3,1472801.28614,65535,0,0,nan
180,1546717388.83,107,58479,2.63914398753,7,60.2574257426,0.625,8,9.12978550131e+15,65535,3,3,104.0
180,1546717750.71,1570,230303,0.7855415123,19,68.4824056302,0.666666666667,6,6.42473306476e+15,65535,10,14,nan
180,1546717930.95,318,38948,1.33205844452,19,74.9840255591,0.6,5,3.19706363237e+15,65535,4,8,nan
180,1546718111.1,214,23592,1.82891568366,8,80.6086956522,0.5,4,6.36476905775e+15,65535,2,3,nan
180,1546718294.39,585,77175,1.28274868225,14,73.9134948097,0.6,5,1.27886307715e+16,65535,7,11,60.0
180,1546718474.93,1112,140274,1.2813308703,15,69.6488687783,0.6,5,3.22090784455e+15,65535,10,14,nan
180,1546718654.98,127,32435,4.6259815485,14,74.6333333333,0.666666666667,6,1.51679727316e+16,65535,3,3,nan
180,1546718836.21,316,62815,2.0759158316,20,102.439344262,0.6,10,1.86575652082e+16,65535,8,10,52.0
180,1546719016.21,432,67388,1.84712510068,16,93.0356294537,0.714285714286,7,42.1665649461,65535,6,10,nan
180,1546719196.42,109,18218,3.61013879281,16,97.0576923077,0.666666666667,6,11.4657455623,5889,1,4,nan
180,1546719376.47,76,10436,5.50063893223,5,111.75,0.5,4,1.1279905286e+16,65535,1,2,nan
180,1546719559.4,4393,359972,0.49272248509,21,65.2210045662,0.625,8,1.93766761433e+16,65535,17,20,60.0
180,1546719740.02,918,138179,1.35815121684,13,67.5088105727,0.6,5,3.23216673887e+15,65535,7,9,nan
180,1546719920.65,313,63234,1.9929867123,15,61.331147541,0.625,8,1620.2739255,65535,5,8,nan
180,1546720101.62,226,34655,2.74203367232,12,60.8623853211,0.5,6,34.1730307481,65535,2,4,nan
180,1546720281.7,297,51348,2.33920433976,12,66.3958333333,0.5,6,3222.41223785,65535,6,9,nan
180,1546720461.71,2273,290498,0.489081073814,14,65.5752759382,0.6,5,109642060.0,65535,6,9,nan
180,1546720641.75,39,3651,8.42555604249,5,64.0,1.0,3,8.76600637699e+15,65535,0,0,nan
180,1546720825.32,19,1367,19.1618833527,4,64.0,0.666666666667,3,8.12040149312e+15,1792,1,1,nan
180,1546721006.35,30,2746,9.11581166347,2,64.0,1.0,3,1.91589675506e+15,65535,0,0,nan
180,1546721187.06,16,1498,1.001763807,2,64.0,1.0,2,1.38840885781,65535,0,0,nan
180,1546721367.69,350,55683,3.21095949989,17,72.9912536443,0.555555555556,9,6.42425863662e+15,65535,8,11,94.0
180,1546721547.7,971,162668,0.808654150161,21,69.5708333333,0.625,8,3.24382298948e+15,65535,12,15,nan
180,1546721727.7,716,118616,0.962049209512,19,73.7531914894,0.6,5,1.59412102901e+16,65535,5,7,nan
180,1546721907.7,469,45107,1.05450123914,11,71.4415584416,0.5,4,3.24295085574e+15,65535,3,7,nan
180,1546722087.78,309,29578,1.10614504673,6,71.9409836066,0.6,5,140995.814777,8828,1,3,nan
180,1546722267.78,73,7486,7.95879198175,6,64.0,0.75,4,6.28974533042e+15,65535,1,2,nan
180,1546722450.05,47,4572,10.3560986396,3,64.0,1.0,3,3094156.04835,65535,0,0,nan
180,1546722630.35,123,23161,5.86611591335,7,64.0,0.8,5,3.21578478706e+15,65535,3,5,nan
180,1546722811.0,189,24693,3.26109190008,9,66.1945945946,0.4,5,2.34436936626e+15,65535,3,5,nan
180,1546722991.0,115,18948,7.00012704377,11,61.6666666667,0.666666666667,3,18181629.6878,65535,5,5,nan
180,1546723171.44,774,108496,1.14445466167,16,65.8956975228,0.5,6,1.28677540875e+16,65535,8,10,nan
180,1546723351.44,4232,488411,0.341686827653,26,64.9940856399,0.5,4,1.30343382418e+16,65535,15,22,60.0
180,1546723532.16,1338,238452,0.671535542556,13,66.5791447862,0.5,4,3.2385897212e+15,65535,5,8,60.0
180,1546723712.52,2045,305293,0.58743888138,15,68.3174447174,0.333333333333,3,9.78193665053e+15,65535,9,15,nan
180,1546723892.7,2519,266179,0.372931438406,22,66.1281337047,0.6,5,2.57999615462e+16,65535,9,13,nan
180,1546724073.15,626,91841,1.12216193391,20,78.2824675325,0.333333333333,6,1.80603712364e+16,65535,4,7,48.0
180,1546724253.48,21,1576,19.3423694219,3,64.0,1.0,1,7.73015928111e+15,1991,0,0,nan
180,1546724433.5,35,4181,12.2028361339,4,64.0,0.666666666667,3,431414.271288,65535,3,4,nan
180,1546724613.54,31,5823,10.8996039573,5,64.0,0.5,2,288409.743152,65535,1,1,nan
180,1546724793.59,461,66598,3.90752091164,22,62.3736263736,0.5,8,1.23893503515e+16,65535,13,13,60.0
180,1546724973.59,4396,1068997,0.433968946592,37,63.8276333789,0.6,10,2.28651216464e+16,65535,21,22,82.6666666667
180,1546725154.1,70,32203,5.58017223852,7,64.0,0.5,2,2.98348083098e+15,2989,0,0,nan
180,1546725334.67,43,4743,6.70856892043,8,64.0,0.5,2,1.16239927703e+16,65535,1,1,nan
180,1546725514.79,3884,937528,0.354558435625,41,64.5975232198,0.5,10,1.56940937332e+16,65535,37,46,124.0
180,1546725695.38,62,4082,5.68567191235,25,57.3684210526,1.0,3,1601853.92229,65535,0,0,nan
180,1546725877.21,15,1077,27.3044710946,4,64.0,1.0,2,1049165.73313,1968,0,0,nan
180,1546726057.26,14,1031,15.3278390687,1,64.0,1.0,1,95139.4008312,1419,0,0,nan
180,1546726238.31,143,12227,3.78836402682,9,64.0,0.666666666667,3,3.18492992843e+15,65535,2,3,nan
180,1546726418.31,36,5856,10.8605323457,5,64.0,0.5,2,495266.566552,65535,1,1,nan
180,1546726778.34,11,594,14.5792726688,1,64.0,1.0,1,nan,65535,0,0,nan
180,1546726958.71,86,16381,6.23232546699,6,64.0,0.5,2,747567.009858,65535,4,4,nan
180,1546727501.32,23,6547,20.6940287584,5,64.0,0.666666666667,3,313103.637573,65535,1,1,nan
180,1546727681.32,154,65703,4.26717535843,9,64.0,0.75,4,883107.438227,65535,5,5,60.0
180,1546728762.53,62,19228,10.970702503,7,64.0,0.5,4,69303.8332053,65535,6,6,nan
180,1546728942.55,72,10419,6.85974962837,8,49.4117647059,0.4,5,284050.799325,65535,1,1,nan
180,1546729664.81,34,8113,11.5035853382,3,64.0,0.5,2,54.6413646311,65535,2,2,nan
180,1546729846.45,37,3852,9.27154885461,7,64.0,0.666666666667,3,423885.663848,65535,1,1,nan
180,1546730566.58,26,7285,0.887020231475,3,64.0,0.5,2,6.40443004957,65535,2,2,nan
180,1546730746.62,62,8238,8.50225022415,8,64.0,0.5,2,3.05254206252e+15,65535,4,4,nan
180,1546730926.77,15,4437,13.5201224367,3,64.0,0.333333333333,3,nan,1544,1,1,nan
180,1546731106.81,52,20146,3.60126729015,4,64.0,0.75,4,84997.6485401,65535,1,1,nan
180,1546732728.85,50,4698,4.21895172116,7,64.0,0.666666666667,3,6.26296972177e+15,65535,1,2,nan
180,1546733270.94,2421,1977378,0.346966211986,28,64.0,0.666666666667,6,3.92231181286e+16,65535,19,20,60.0
180,1546733450.94,722,618733,1.37586501863,16,64.0,0.666666666667,3,1.92949783885e+16,65535,2,3,nan
180,1546733631.14,17,1026,12.2277194802,2,64.0,1.0,1,382927.463658,1404,0,0,nan
180,1546734171.31,113,17428,0.294912458459,10,64.0,0.5,2,11.0230185813,65535,7,7,nan
180,1546734351.85,39,4615,12.6717520079,5,64.0,0.5,2,268955.758473,65535,2,2,nan
180,1546734532.16,15,1086,11.7862305905,7,64.0,0.5,4,2188.22364989,3299,2,2,nan
180,1546734712.43,214,64604,3.91720390456,10,64.0,0.5,4,25242367.5286,65535,5,5,nan
180,1546735073.49,53,12837,11.0638897332,2,64.0,0.0,2,nan,nan,1,1,nan
180,1546735615.67,115,29303,6.54926464387,11,64.0,0.4,5,3.21324812203e+15,65535,8,8,nan
180,1546735795.68,19,1385,18.3869150249,5,64.0,1.0,2,15392.4854649,1626,0,0,nan
180,1546735976.25,14,2931,27.1460233666,3,64.0,0.5,2,99185234990.5,65535,1,1,nan
180,1546736336.48,16,4846,6.54099443063,3,64.0,0.5,2,0.68331740701,65535,1,1,nan
180,1546736516.5,66,16287,11.7662315063,8,64.0,0.5,4,208380.760412,65535,4,4,nan
180,1546736697.19,61,9315,5.51975033461,7,64.0,0.666666666667,3,9.32791186363e+15,65535,3,3,60.0
180,1546736877.2,14,1071,20.5325397324,2,64.0,1.0,1,17149.0241188,1544,0,0,nan
180,1546737057.2,9236,12788255,0.85216299757,11,64.0,0.75,4,3.29476947937e+15,65535,5,5,nan
180,1546737237.21,50459,70411506,0.00676502622047,5,64.0,1.0,2,3.29772372951e+15,65535,0,0,nan
180,1546737417.22,55566,77974081,0.00989954921145,5,64.0,1.0,1,3.29805280587e+15,65535,0,0,nan
180,1546737597.23,48638,67722201,0.0096401591188,4,64.0,0.333333333333,3,8230.70462044,65535,1,1,nan
180,1546737777.24,34798,48790719,0.122341095852,6,64.0,0.75,4,6802763446.36,65535,2,2,nan
180,1546737957.28,41324,58372512,0.199037098159,5,64.0,1.0,2,6.60655034262e+15,1628,0,0,nan
180,1546738137.28,54106,76287794,0.0929942437838,13,63.9793330376,0.428571428571,7,9050100640.48,65535,4,7,nan
180,1546738317.28,22962,31797795,0.272000266415,13,64.0,0.6,5,3.30712801751e+15,65535,6,15,nan
180,1546738497.31,24820,34231233,0.121954045137,3,64.0,1.0,2,3180435902.61,65535,0,0,nan
180,1546738677.46,4068,5712949,1.37476078234,2,64.0,1.0,2,225457631.395,1412,0,0,nan
180,1546738857.97,2591,2436331,0.412913842705,6,64.0,0.75,4,3.3082223861e+15,65535,1,3,nan
180,1546739038.21,35,13991,15.1853177044,6,64.0,1.0,3,2.8190196692e+15,2995,0,0,nan
180,1546739218.27,12,850,23.5701069419,1,64.0,1.0,1,110544.480605,2995,0,0,nan
180,1546739761.24,134,72510,0.286881369904,9,64.0,0.333333333333,3,3.25934190022e+15,65535,6,6,nan
180,1546739941.64,25,2928,13.5325394214,5,64.0,0.75,4,2.89998095827e+15,65535,1,1,nan
180,1546740122.14,11,750,29.1318568317,4,64.0,1.0,1,1.45487059976e+13,1712,0,0,nan
180,1546740843.77,11,1863,1.55443399243,2,64.0,0.5,2,0.837024304514,65535,1,1,nan
180,1546742287.32,92,33955,8.03329028492,7,64.0,0.75,4,188988.695002,65535,2,2,nan
180,1546743189.17,37,12488,0.55226123218,2,64.0,0.5,2,2.86791301752,65535,1,1,nan
180,1546743371.55,177,15045,5.43151139008,7,64.0,0.75,4,192605.271351,65535,4,4,60.0
180,1546743552.12,26,3340,15.3743488357,7,64.0,0.75,4,178746.733298,65535,1,1,nan
180,1546744092.35,28,5559,2.97007683956,3,64.0,0.5,2,12166.3944567,65535,1,1,nan
180,1546744273.0,31,11562,11.9038179227,3,64.0,0.5,2,846296.910657,65535,1,1,nan
180,1546744454.78,17,11508,1.09591446089,2,64.0,0.0,2,nan,nan,1,1,nan
180,1546745356.39,68,22642,9.20129289259,9,64.0,0.25,4,5.49826805151e+15,65535,7,7,nan
180,1546745537.37,40,3937,10.7204442225,9,64.0,0.666666666667,3,6.17383873009e+15,65535,1,1,nan
180,1546745717.37,177,26329,2.27065455764,11,64.0,0.75,4,19586223.7706,65535,4,5,nan
180,1546745897.38,13,922,15.7579874014,5,64.0,1.0,3,181093.352335,7738,0,0,nan
180,1546746077.38,3984,494089,0.276148693943,20,64.5820557929,0.571428571429,7,3.31347484873e+15,65535,9,16,nan
180,1546746257.39,392,74443,1.83913335643,22,68.9714285714,0.6,5,9.86220806223e+15,65535,6,7,nan
180,1546746437.39,25,1901,18.1304149753,6,64.0,1.0,2,4087741.19021,1854,0,0,nan
180,1546747157.53,47,15545,8.65104666481,4,64.0,0.666666666667,3,392556.275369,65535,2,2,nan
180,1546748059.66,30,6627,10.9790907008,3,64.0,0.5,2,244206.28986,65535,1,1,nan
180,1546748240.21,1280,248113,0.23030002467,34,64.9394177813,0.5,10,44.7627099456,65535,26,29,82.6666666667
180,1546748421.43,495,102798,1.84153446279,20,53.9547325103,0.555555555556,9,80752702.8253,65535,2,3,94.0
180,1546748602.01,4697,5692598,0.47001581619,23,62.9865642994,0.5,8,3.31161979817e+15,65535,10,11,79.0
180,1546748782.45,601,106450,0.799967319013,22,58.2949152542,0.5,8,3.30849429556e+15,65535,12,15,94.0
180,1546748962.58,470,68759,0.968270600387,24,49.135857461,0.375,8,1.93661109972e+16,65535,5,5,94.0
180,1546749142.58,354,79974,1.16797828585,9,44.2209302326,0.571428571429,7,27.1990176845,65535,2,2,94.0
180,1546749322.83,244,35055,3.23204967232,10,55.3217391304,0.428571428571,7,3.30517622508e+15,65535,1,1,94.0
180,1546749503.06,136,19648,3.43075632766,8,43.488372093,0.4,5,3.1933121914e+15,65535,2,3,nan
180,1546749683.75,105,17670,5.08442913195,7,50.3,0.428571428571,7,34.2519879809,65535,1,1,94.0
180,1546749863.83,393,60506,1.02733935119,11,52.437994723,0.428571428571,7,48.8381916334,65535,3,4,94.0
180,1546750043.86,336,52633,1.22993786577,13,47.3907692308,0.428571428571,7,1.10275471796e+16,65535,4,4,94.0
180,1546750223.95,392,60409,0.846651060148,12,49.8320209974,0.5,8,414.541258214,65535,3,3,94.0
180,1546750404.84,177,25141,3.1052474486,6,43.75,0.6,5,3.29884435855e+15,65535,0,0,94.0
180,1546750585.36,74,15421,5.2577028499,5,42.4,0.0,3,nan,nan,1,1,nan
180,1546750765.36,164,29029,3.40317081263,11,47.6363636364,0.666666666667,9,4525424.69321,65535,4,5,94.0
180,1546750946.14,220,31053,3.11958225824,5,51.3397129187,0.4,5,19111363.1784,65535,1,1,94.0
180,1546751126.15,749,103156,0.689109712287,16,62.1486486486,0.5,8,16231489.1559,65535,9,10,94.0
240,1546715222.59,587,119931,1.68363873947,18,72.907504363,0.714285714286,7,9.56239017405e+15,65535,7,8,nan
240,1546715462.61,1553,268630,0.713240041576,26,70.9642160052,0.4,5,1.27961255161e+16,65535,21,29,nan
240,1546715702.73,186,20464,3.54473598509,26,74.5966850829,0.666666666667,6,1.23831182208e+16,65535,3,4,40.0
240,1546715942.74,4268,5677187,1.25235409096,9,64.3603941811,0.571428571429,7,81437945.431,65535,4,5,nan
240,1546716182.74,38,3063,16.1970206443,4,64.0,1.0,3,3.10702809732e+15,65535,0,0,nan
240,1546716423.27,165,45231,7.52850497868,16,64.0,0.5,4,3.18130831908e+15,65535,11,11,nan
240,1546716663.28,89,8671,7.2892332876,14,64.0,0.6,5,1.09243534783e+16,65535,2,2,nan
240,1546716903.4,46,4839,11.8161732829,7,64.0,0.666666666667,3,3161295.43749,65535,1,1,nan
240,1546717145.01,61,5252,7.93113036025,5,64.0,0.75,4,5849150.79106,65535,1,1,nan
240,1546717385.63,107,58479,2.63914398753,7,60.2574257426,0.625,8,9.12978550131e+15,65535,3,3,104.0
240,1546717627.32,509,85055,1.30047741185,17,70.3214285714,0.666666666667,6,3.2070382897e+15,65535,9,11,nan
240,1546717867.36,1368,182921,0.748919062579,20,69.3328434974,0.6,5,6.42491165373e+15,65535,6,11,nan
240,1546718107.38,668,84832,1.21319755953,16,74.4498480243,0.6,5,1.59746286141e+16,65535,8,11,60.0
240,1546718347.72,1198,149076,1.06653818665,13,70.1094276094,0.5,4,6.40666710988e+15,65535,8,15,nan
240,1546718588.22,167,39365,4.83768916599,16,79.95,0.666666666667,6,1.48836305625e+16,65535,4,4,nan
240,1546718828.3,374,71099,2.30145521723,20,110.361111111,0.6,10,1.87601031918e+16,65535,9,12,52.0
240,1546719068.3,467,69947,1.71993359779,19,84.1494505495,0.714285714286,7,50.9410194954,65535,6,11,nan
240,1546719309.26,106,19017,5.08945291136,7,109.84,0.6,5,1.48588473009e+16,65535,1,4,nan
240,1546719549.85,5232,483068,0.601338748443,26,65.6121235373,0.625,8,2.26129210252e+16,65535,22,27,60.0
240,1546719794.85,283,50104,2.80068488124,19,63.7299270073,0.625,8,91308880.9171,65535,4,7,nan
240,1546720034.86,288,56267,2.68235725743,12,63.3790613718,0.5,6,1581.92316575,65535,4,7,nan
240,1546720276.15,2408,310625,0.855974287128,20,64.776293823,0.571428571429,7,5945.30156382,65535,11,17,nan
240,1546720516.34,236,39954,3.60828624222,13,71.3039647577,0.5,4,7.77005873861e+15,65535,1,1,nan
240,1546720760.06,33,3158,15.7543694258,5,64.0,0.75,4,8.1631817546e+15,65535,1,1,nan
240,1546721000.35,30,2746,9.11581166347,2,64.0,1.0,3,1.91589675506e+15,65535,0,0,nan
240,1546721241.01,229,42168,4.61100611166,13,72.6517857143,0.555555555556,9,69389660.0356,65535,7,8,94.0
240,1546721481.17,1092,176162,0.837220944377,25,70.0185356812,0.666666666667,9,9.64614631858e+15,65535,13,18,nan
240,1546721721.41,895,136033,0.990236866316,21,73.0952380952,0.6,5,1.61465223237e+16,65535,6,10,nan
240,1546721961.65,600,56216,0.977922990605,9,71.7563451777,0.6,5,3.24361431587e+15,8828,2,6,nan
240,1546722201.67,88,10057,8.65526960881,8,65.5476190476,0.6,5,6.29272010187e+15,65535,2,3,nan
240,1546722442.06,56,5214,10.2388197211,3,64.0,1.0,3,9230860.73192,65535,0,0,nan
240,1546722682.18,116,22603,8.70459476451,7,64.0,0.8,5,3.20676096882e+15,65535,3,5,nan
240,1546722922.46,300,43402,4.54216045626,15,64.5255972696,0.5,6,3.24247387549e+15,65535,8,10,nan
240,1546723162.7,950,133046,1.22471690053,18,66.3595744681,0.5,6,1.29748244361e+16,65535,8,12,nan
240,1546723402.7,5305,681365,0.289324886676,25,65.0094375236,0.5,4,1.30325667589e+16,65535,15,26,60.0
240,1546723643.1,2123,323442,0.701272945467,16,68.8835227273,0.333333333333,3,1.30402049996e+16,65535,9,17,nan
240,1546723883.1,2572,274144,0.511612677561,22,66.3847054233,0.6,5,2.58296404285e+16,65535,9,14,nan
240,1546724123.58,595,87444,3.46456304794,20,77.7333333333,0.333333333333,6,2.03190699553e+16,65535,4,6,48.0
240,1546724363.74,47,5143,12.668959415,5,64.0,0.666666666667,3,5.6601485267e+15,65535,3,4,nan
240,1546724603.98,51,12334,8.78320911146,6,64.0,0.5,2,39777969.5134,65535,1,1,nan
240,1546724844.04,4058,1006897,0.99899066384,37,63.6302521008,0.5,10,2.58527582725e+16,65535,30,31,68.5
240,1546725084.11,843,153949,1.77844556123,17,64.0,0.6,5,9.78024345737e+15,65535,3,4,nan
240,1546725324.4,1297,210032,2.24179318462,39,63.7220496894,0.5,8,1.47492522753e+16,65535,33,39,124.0
240,1546725564.97,2691,736276,0.910824659505,35,64.8560775541,0.5,6,1.60773573697e+16,65535,6,8,nan
240,1546725805.0,22,1563,23.9096773773,7,64.0,1.0,2,2402477.42761,6949,0,0,nan
240,1546726045.0,27,3456,14.022331606,3,64.0,0.666666666667,3,460427.180236,65535,1,1,nan
240,1546726285.0,158,15060,9.34008759359,10,64.0,0.666666666667,3,3.14192655225e+15,65535,2,3,nan
240,1546726525.07,13,970,27.5159522868,4,64.0,1.0,2,56355.5657595,3257,0,0,nan
240,1546726766.09,27,4017,34.171809797,3,64.0,0.5,2,1.11822161846,65535,1,1,nan
240,1546727006.67,77,13490,13.1654668081,6,64.0,0.5,2,821211.129158,65535,3,3,nan
240,1546727487.07,23,6547,20.6940287584,5,64.0,0.666666666667,3,313103.637573,65535,1,1,nan
240,1546727727.43,154,65703,4.26717535843,9,64.0,0.75,4,883107.438227,65535,5,5,60.0
240,1546728688.23,65,19455,12.6110444311,8,64.0,0.6,5,88142.5347176,65535,6,6,nan
240,1546728928.47,75,10687,16.0167660377,8,49.4117647059,0.4,5,284050.799325,65535,1,1,nan
240,1546729649.51,34,8113,11.5035853382,3,64.0,0.5,2,54.6413646311,65535,2,2,nan
240,1546729889.75,40,4061,9.65277798629,8,64.0,0.75,4,437245.813009,65535,1,1,nan
240,1546730610.48,83,15217,7.55452957014,10,64.0,0.5,2,3.22749716623e+15,65535,6,6,nan
240,1546730850.64,20,4743,26.9890512309,5,64.0,0.333333333333,3,113.416330544,1680,1,1,nan
240,1546731090.88,52,20146,3.60126729015,4,64.0,0.75,4,84997.6485401,65535,1,1,nan
240,1546732772.12,49,4585,4.1684513687,7,64.0,0.666666666667,3,6.26296972177e+15,65535,1,2,nan
240,1546733252.12,2501,2033331,0.431625307571,30,64.0,0.666666666667,6,3.92364568941e+16,65535,19,21,60.0
240,1546733492.13,645,562930,3.43091330487,14,64.0,0.666666666667,3,1.92355518182e+16,65535,2,2,nan
240,1546733732.14,15,989,46.1504844712,2,64.0,1.0,1,265526.135835,1404,0,0,nan
240,1546734212.15,141,21377,5.23748401256,12,64.0,0.5,2,486910.802752,65535,9,9,nan
240,1546734452.15,26,1752,15.8504426138,11,64.0,0.5,4,216982.040075,3299,2,2,nan
240,1546734692.15,214,64604,3.91720390456,10,64.0,0.5,4,25242367.5286,65535,5,5,nan
240,1546735172.18,53,12766,0.445532826204,2,64.0,0.0,2,nan,nan,1,1,nan
240,1546735652.18,125,30053,8.16832611933,11,64.0,0.4,5,3.22194747138e+15,65535,8,8,nan
240,1546735892.19,10,701,23.4112476914,4,64.0,1.0,2,5.26532620638e+14,1677,0,0,nan
240,1546736132.19,30,7753,32.9321028344,3,64.0,0.5,2,6602.1329098,65535,2,2,nan
240,1546736372.19,42,9785,0.27152948599,6,64.0,0.333333333333,3,2.62349140716,65535,3,3,nan
240,1546736612.19,80,15441,14.9843821169,9,64.0,0.6,5,9.27649549256e+15,65535,4,4,60.0
240,1546736852.2,26,1947,16.0436753127,4,64.0,1.0,2,1441600.81663,1712,0,0,nan
240,1546737092.2,37586,52616062,0.269062615187,10,64.0,0.75,4,3.29545557457e+15,65535,5,5,nan
240,1546737332.2,71084,99443389,0.00923036839892,7,64.0,1.0,1,6.59586622613e+15,65535,0,0,nan
240,1546737572.22,55237,76840572,0.168974498216,5,64.0,0.333333333333,3,216603579.79,65535,2,2,nan
240,1546737812.22,53725,75535996,0.174828235463,8,64.0,0.75,4,6.60701132823e+15,65535,1,1,nan
240,1546738052.22,67342,95014798,0.120717400103,12,63.9833952176,0.428571428571,7,19185240803.1,65535,4,7,nan
240,1546738292.23,36837,51229011,0.225416426112,14,64.0,0.6,5,3.30732243055e+15,65535,6,15,nan
240,1546738532.24,24149,33408043,0.560494766798,3,64.0,1.0,2,24241985509.1,65535,0,0,nan
240,1546738772.24,2542,2419513,2.10485379366,6,64.0,0.75,4,3.30823845832e+15,65535,1,3,nan
240,1546739012.25,97,31693,10.3949741635,6,64.0,1.0,3,3.03724921768e+15,65535,0,0,nan
240,1546739732.26,135,72623,5.76052850198,9,64.0,0.333333333333,3,3.25934190022e+15,65535,6,6,nan
240,1546739972.26,34,3499,12.7199950832,8,64.0,0.75,4,2.99862537623e+15,65535,1,1,nan
240,1546740932.29,12,1976,57.9584500192,2,64.0,0.5,2,0.837024304514,65535,1,1,nan
240,1546742372.31,92,33884,7.95657099195,7,64.0,0.75,4,188988.695002,65535,2,2,nan
240,1546742612.31,10,648,27.0615762663,3,64.0,1.0,1,1.28967717228e+15,2808,0,0,nan
240,1546743092.32,37,12488,0.55226123218,2,64.0,0.5,2,2.86791301752,65535,1,1,nan
240,1546743332.33,190,17539,5.39999784,8,64.0,0.75,4,353035.445978,65535,5,5,60.0
240,1546743573.76,16,1032,25.9159003567,6,64.0,1.0,3,293038.892317,7738,0,0,nan
240,1546744054.9,31,5764,9.97357770136,3,64.0,0.5,2,24585.1151019,65535,1,1,nan
240,1546744295.46,48,23070,13.4013363988,4,64.0,0.333333333333,3,846296.910657,65535,2,2,nan
240,1546745256.75,67,22576,8.28549341535,9,64.0,0.25,4,3.17665495e+15,65535,7,7,nan
240,1546745497.37,41,4003,13.8607098816,9,64.0,0.666666666667,3,6.18520080965e+15,65535,1,1,nan
240,1546745737.37,179,26508,9.4645279144,11,64.0,0.75,4,48064372.1118,65535,4,5,nan
240,1546745977.37,3588,401963,1.16774248939,19,64.4332774986,0.625,8,3.31321266232e+15,65535,8,12,nan
240,1546746217.38,801,167502,1.47189321839,23,67.3770491803,0.6,5,9.90099247178e+15,65535,8,11,nan
240,1546746457.39,23,1711,7.38820403434,5,64.0,1.0,2,1162042.42545,1800,0,0,nan
240,1546746697.39,10,679,66.0206959358,2,64.0,1.0,2,1.65917770038e+15,1854,0,0,nan
240,1546747177.4,46,15432,8.57422724029,4,64.0,0.666666666667,3,392556.275369,65535,2,2,nan
240,1546747897.43,24,6204,0.578783679739,3,64.0,0.5,2,129.881680344,65535,1,1,nan
240,1546748137.43,708,148770,5.95856185576,29,66.7624466572,0.444444444444,9,15342776.6907,65535,22,24,80.4
240,1546748377.44,1098,206033,1.27017503379,34,58.4575645756,0.545454545455,11,137587160.913,65535,6,8,94.0
240,1546748617.44,5030,5759218,0.427209418716,33,62.9055400558,0.5,8,6.62475347201e+15,65535,21,24,83.2
240,1546748857.44,631,93274,0.957530350326,24,52.396039604,0.375,8,1.60966099559e+16,65535,6,7,94.0
240,1546749097.45,503,102504,1.10623064994,13,48.0897959184,0.5,8,3.27820275666e+15,65535,3,3,94.0
240,1546749337.45,212,30426,3.94864580358,11,43.3435897436,0.428571428571,7,3.28366928865e+15,65535,1,1,94.0
240,1546749577.46,138,20271,4.55592553753,8,40.9160305344,0.4,5,3.17463744175e+15,65535,1,2,nan
240,1546749817.46,479,73485,1.41294597768,13,54.0259179266,0.428571428571,7,1.20869110022e+16,65535,3,5,94.0
240,1546750057.46,435,67594,1.16373367676,11,45.7476190476,0.428571428571,7,99.7749397738,65535,4,4,94.0
240,1546750297.47,444,67488,1.60186892495,12,50.5361305361,0.5,8,3.31401123298e+15,65535,3,3,94.0
240,1546750537.47,84,16718,7.46274133336,5,39.7692307692,0.0,3,nan,nan,1,1,nan
240,1546750777.48,199,34122,3.67984649315,11,44.5638297872,0.666666666667,9,8578825.666,65535,5,6,94.0
240,1546751017.49,932,128933,1.19603035071,16,60.8468271335,0.5,8,121633216.98,65535,9,10,94.0
300,1546715222.59,883,162958,1.47493497207,19,74.6173410405,0.714285714286,7,9.56590063947e+15,65535,7,13,nan
300,1546715523.52,1295,229054,1.31970112355,25,69.1709601874,0.4,5,1.27868696449e+16,65535,20,24,nan
300,1546715823.52,4403,5693111,0.867751290868,27,64.7858930603,0.666666666667,9,1.24439669969e+16,65535,6,9,40.0
300,1546716123.66,51,4152,14.6996520505,4,64.0,1.0,3,3.13335441135e+15,65535,0,0,nan
300,1546716425.06,181,46591,7.33466146785,16,64.0,0.5,4,1.52341868271e+16,65535,11,11,nan
300,1546716725.07,108,11301,8.16976101547,11,64.0,0.75,4,22014637.3698,65535,3,3,nan
300,1546717025.33,66,5635,8.44050997335,5,64.0,0.75,4,4673526.20765,65535,1,1,nan
300,1546717325.92,113,58945,13.9458334003,7,60.4339622642,0.625,8,9.2724571561e+15,65535,3,3,104.0
300,1546717627.32,1570,230303,0.7855415123,19,68.4824056302,0.666666666667,6,6.42473306476e+15,65535,10,14,nan
300,1546717927.38,401,47869,1.59804578772,19,78.6547314578,0.6,5,3.19846266404e+15,65535,4,9,nan
300,1546718228.5,770,104542,1.31931964503,17,74.5691699605,0.6,5,1.91230533748e+16,65535,8,14,60.0
300,1546718528.5,1173,158819,1.9585392306,16,69.4836488812,0.666666666667,6,1.83641350046e+16,65535,11,16,nan
300,1546718828.58,403,76656,2.45717146838,20,113.561357702,0.6,10,1.87452857569e+16,65535,8,12,52.0
300,1546719130.55,473,73817,2.40857540228,18,84.5818965517,0.714285714286,7,50.4273366941,65535,6,12,nan
300,1546719430.58,4462,369550,0.829322987282,23,65.7183985605,0.625,8,3.50550324659e+16,65535,17,22,60.0
300,1546719734.96,1120,172928,1.50638419826,19,66.3529411765,0.625,8,3.23259024954e+15,65535,8,14,nan
300,1546720035.34,396,79298,2.53453684071,14,63.612565445,0.571428571429,7,1631.87469322,65535,5,9,nan
300,1546720335.77,2511,325688,0.838702846948,17,65.399279135,0.5,6,137523054.337,65535,10,16,nan
300,1546720636.1,49,4403,13.8115826254,7,64.0,0.75,4,1.15790337011e+16,65535,1,1,nan
300,1546720936.46,39,3361,10.531008609,3,64.0,1.0,3,1.09111904444e+16,65535,0,0,nan
300,1546721237.94,361,56797,3.71713612439,18,72.7118644068,0.6,10,6.42312218965e+15,65535,8,11,94.0
300,1546721538.1,1607,273528,0.784023745606,22,70.9804662886,0.625,8,1.92405489643e+16,65535,12,21,nan
300,1546721838.7,649,62369,1.10282644293,17,72.9811912226,0.6,5,3.24718055512e+15,65535,3,9,nan
300,1546722138.71,287,27942,4.92658833686,8,68.5409252669,0.6,5,6.30213064667e+15,65535,2,4,nan
300,1546722439.58,138,15387,7.82159469022,6,64.0,0.8,5,12932314.2669,65535,2,4,nan
300,1546722739.58,243,38595,6.68220879009,11,64.6553191489,0.4,5,6.41522324247e+15,65535,4,6,nan
300,1546723040.0,795,114069,2.04857035351,18,65.3656050955,0.5,6,6.49428073882e+15,65535,12,15,nan
300,1546723340.38,5551,717579,0.381085972571,28,65.1717791411,0.6,5,1.95146767427e+16,65535,16,28,60.0
300,1546723640.54,2266,347229,0.762800389084,22,68.9169995561,0.6,5,2.59858264885e+16,65535,11,21,nan
300,1546723940.76,3014,337109,0.549381556263,20,68.4621540514,0.333333333333,6,3.23965422729e+16,65535,7,16,48.0
300,1546724242.16,34,3699,16.2829907985,6,64.0,0.5,2,8.72290333857e+15,65535,2,2,nan
300,1546724542.88,74,14470,18.6782239314,7,64.0,0.666666666667,3,64729836.7981,65535,3,3,nan
300,1546724842.91,4837,1129084,0.965590760745,41,63.6897552883,0.545454545455,11,3.58392948923e+16,65535,33,35,68.5
300,1546725143.28,100,34455,6.18478996204,8,64.0,0.5,2,1.33279071964e+16,2989,0,0,nan
300,1546725443.28,3913,940993,1.20727226175,41,64.4965411222,0.5,10,1.5780321353e+16,65535,38,47,124.0
300,1546725743.3,61,4185,15.1528682156,25,64.0,1.0,3,14686787.0254,8828,0,0,nan
300,1546726043.3,114,10790,7.70441477865,8,64.0,0.75,4,3.21298962149e+15,65535,2,3,nan
300,1546726343.3,79,8324,14.5566950383,9,64.0,0.5,2,1834454.53873,65535,1,1,nan
300,1546726643.32,19,1234,16.543284263,3,64.0,1.0,2,35.233633917,65535,0,0,nan
300,1546726943.32,87,16423,9.84538889812,6,64.0,0.5,2,747567.009858,65535,4,4,nan
300,1546727243.33,16,1162,43.9744663526,4,64.0,1.0,2,95581.1599413,1677,0,0,nan
300,1546727543.78,170,71740,9.46616645696,10,64.0,0.75,4,5864827.28674,65535,5,6,60.0
300,1546727843.79,10,738,35.5283589292,3,64.0,1.0,1,26193.9459008,1884,0,0,nan
300,1546728745.08,134,29647,10.5669583635,12,56.25,0.428571428571,7,9098373.4536,65535,7,7,nan
300,1546729647.06,66,11597,22.0206677525,7,64.0,0.666666666667,3,458768.058438,65535,3,3,nan
300,1546729948.43,10,771,38.8183175956,4,64.0,1.0,2,123897.86057,3299,0,0,nan
300,1546730549.54,83,15217,7.55452957014,10,64.0,0.5,2,3.22749716623e+15,65535,6,6,nan
300,1546730850.64,23,4970,32.3302203029,6,64.0,0.5,4,85098.9931809,1680,1,1,nan
300,1546731150.81,54,20237,32.5495939888,3,64.0,0.666666666667,3,98844.3248489,65535,1,1,nan
300,1546732652.11,50,4698,4.21895172116,7,64.0,0.666666666667,3,6.26296972177e+15,65535,1,2,nan
300,1546733253.2,3128,2595217,0.428725067992,33,64.0,0.714285714286,7,5.23150167029e+16,65535,20,23,60.0
300,1546733553.3,32,1920,16.686334473,7,64.0,1.0,1,5.17130559264e+15,1634,0,0,nan
300,1546734153.59,141,21377,5.23748401256,12,64.0,0.5,2,486910.802752,65535,9,9,nan
300,1546734454.32,43,9169,14.9525211648,13,64.0,0.5,6,1584486.11484,3299,3,3,nan
300,1546734754.99,203,57571,12.1814435457,9,64.0,0.333333333333,3,44238690.9045,65535,4,4,nan
300,1546735056.55,54,12879,10.9612311969,2,64.0,0.0,2,nan,nan,1,1,nan
300,1546735657.18,128,30280,10.5286423773,12,64.0,0.5,6,3.22690236751e+15,65535,8,8,nan
300,1546735957.38,21,3381,26.6762570596,5,64.0,0.5,2,3.05265319923e+15,65535,1,1,nan
300,1546736257.49,16,4846,6.54099443063,3,64.0,0.5,2,0.68331740701,65535,1,1,nan
300,1546736558.35,122,25226,14.8448395742,10,64.0,0.6,5,9.30519038024e+15,65535,7,7,60.0
300,1546736858.38,68,8485,12.7458188045,9,64.0,0.75,4,1499214.4108,65535,3,3,nan
300,1546737160.21,73822,103089223,0.0236439239218,11,64.0,0.666666666667,3,9.89155772507e+15,65535,2,2,nan
300,1546737460.21,87177,121837287,0.0099776097755,5,64.0,0.333333333333,3,20687.1513901,65535,1,1,nan
300,1546737760.21,59522,83647405,0.232390256569,8,64.0,0.75,4,6.60705861879e+15,65535,2,2,nan
300,1546738060.26,80249,113165559,0.115737336983,16,63.9860659313,0.5,8,19482214601.0,65535,5,8,nan
300,1546738360.7,41090,56629584,0.154734386733,12,64.0,0.75,4,3.30732812227e+15,65535,5,14,nan
300,1546738660.72,5073,7091527,1.80190719533,5,64.0,0.75,4,353035385.876,65535,1,2,nan
300,1546738960.72,1628,1072206,2.59446907054,7,64.0,0.75,4,6.51284293481e+15,65535,1,1,nan
300,1546739861.49,169,76122,7.86899203472,13,64.0,0.6,5,6.51787950836e+15,65535,7,7,nan
300,1546740762.29,11,1863,1.55443399243,2,64.0,0.5,2,0.837024304514,65535,1,1,nan
300,1546742267.32,93,33997,8.00176072758,7,64.0,0.75,4,188988.695002,65535,2,2,nan
300,1546742567.32,10,648,27.0615762663,3,64.0,1.0,1,1.28967717228e+15,2808,0,0,nan
300,1546743167.33,43,12860,27.6332910751,2,64.0,0.5,2,99055.0787478,65535,1,1,nan
300,1546743467.33,197,18013,6.01902674349,9,64.0,0.8,5,333676.85654,65535,5,5,60.0
300,1546744067.35,57,16957,24.2139513387,4,64.0,0.5,2,879064.625719,65535,1,2,nan
300,1546744367.35,25,12086,33.0913136025,4,64.0,0.5,4,45.5695972777,1943,1,1,nan
300,1546745270.55,68,22642,9.20129289259,9,64.0,0.25,4,5.49826805151e+15,65535,7,7,nan
300,1546745570.97,217,30266,6.38198108415,15,64.0,0.75,4,6.37827297598e+15,65535,5,6,nan
300,1546745870.98,2617,272728,1.48676958916,19,64.3018000766,0.625,8,3.31246920978e+15,65535,7,11,nan
300,1546746170.99,1774,296916,1.01210579216,23,65.9501416431,0.6,5,9.90193162223e+15,65535,9,12,nan
300,1546746471.4,29,2131,19.7584084612,5,64.0,1.0,2,5200709.02692,1800,0,0,nan
300,1546747071.94,47,15545,8.65104666481,4,64.0,0.666666666667,3,392556.275369,65535,2,2,nan
300,1546747972.42,30,6627,10.9790907008,3,64.0,0.5,2,244206.28986,65535,1,1,nan
300,1546748272.42,1694,332954,1.00196058197,36,62.0238237046,0.5,10,99168426.7799,65535,26,31,88.7692307692
300,1546748572.44,5172,5785939,0.50373590277,36,62.6431342126,0.555555555556,9,6.62674356718e+15,65535,21,25,84.3571428571
300,1546748872.44,726,106955,1.0140013248,24,50.6571018651,0.375,8,1.95217083048e+16,65535,6,7,94.0
300,1546749172.44,539,106658,1.69014946605,12,49.9305019305,0.5,8,3.30919971368e+15,65535,3,3,94.0
300,1546749472.46,170,24259,4.69137445144,9,38.0125,0.4,5,3.20891590926e+15,65535,2,3,nan
300,1546749772.46,508,79041,1.91402405132,13,52.2612244898,0.428571428571,7,1.21555305787e+16,65535,3,5,94.0
300,1546750072.46,615,95456,1.04154953573,12,49.4731543624,0.428571428571,7,494.158025428,65535,5,6,94.0
300,1546750372.48,313,51615,3.91205526712,11,46.7933333333,0.5,8,3.312433815e+15,65535,2,2,94.0
300,1546750672.48,189,32483,4.49016811475,11,43.3559322034,0.666666666667,9,4525424.69321,65535,5,6,94.0
300,1546750972.48,961,133053,1.48163225189,17,60.1339001063,0.5,8,162558077.589,65535,9,10,94.0
600,1546715222.59,2178,392012,1.38587818504,33,71.3662628145,0.625,8,2.23669599147e+16,65535,23,37,nan
600,1546715822.6,4453,5697221,2.13150158657,27,64.7781031764,0.666666666667,9,1.57173016466e+16,65535,6,9,40.0
600,1546716422.65,289,57892,8.50601914995,21,64.0,0.6,5,1.56093837748e+16,65535,14,14,nan
600,1546717023.74,180,64622,12.6186910288,10,61.652173913,0.666666666667,9,9.30329965376e+15,65535,4,4,104.0
600,1546717624.34,1971,278172,1.04537508181,25,70.5179119754,0.714285714286,7,9.63614668051e+15,65535,13,23,nan
600,1546718224.42,1884,238018,1.63320913853,21,71.0413311863,0.6,5,3.8381458181e+16,65535,13,27,60.0
600,1546718825.28,933,175544,2.35920929198,26,96.5869324474,0.636363636364,11,1.89323192659e+16,65535,12,27,52.0
600,1546719427.14,5582,542478,1.03551916891,33,65.8447126644,0.555555555556,9,3.85695565183e+16,65535,22,36,60.0
600,1546720027.51,2909,405258,1.25315318397,23,65.2939951406,0.625,8,199160059.151,65535,12,25,nan
600,1546720627.61,88,7764,12.4172394817,8,64.0,0.75,4,2.31117590669e+16,65535,1,1,nan
600,1546721227.87,1945,327085,1.75859344554,29,71.1808233455,0.6,10,1.94203491362e+16,65535,19,31,94.0
600,1546721829.51,959,93551,2.87907021929,21,71.8512221041,0.6,5,1.61704354697e+16,65535,4,14,nan
600,1546722439.58,381,53982,7.13219430301,13,64.4196185286,0.625,8,6.46364292157e+15,65535,5,10,nan
600,1546723040.0,6342,831326,0.812715021703,32,65.1965839,0.571428571429,7,2.60328615807e+16,65535,24,43,60.0
600,1546723640.13,5284,684660,0.653908158445,28,68.6537290715,0.5,8,5.8581947543e+16,65535,13,37,48.0
600,1546724242.16,108,18169,19.0579220074,9,64.0,0.666666666667,3,8.97022315185e+15,65535,4,5,nan
600,1546724842.19,4937,1163539,1.38949469128,41,63.6953777235,0.545454545455,11,5.17836381079e+16,65535,33,35,68.5
600,1546725442.5,3974,945178,2.28487292376,41,64.4896412329,0.5,10,1.62128219638e+16,65535,38,47,124.0
600,1546726042.54,193,19114,11.1423304823,12,64.0,0.75,4,3.23058752078e+15,65535,3,4,nan
600,1546726642.57,106,17657,20.0927768115,9,64.0,0.666666666667,3,4125518.85505,65535,4,4,nan
600,1546727242.57,186,72902,16.4115424531,14,64.0,0.8,5,6056167.00302,65535,5,6,60.0
600,1546727842.73,12,846,72.6848683938,3,64.0,1.0,1,32067.5019141,1884,0,0,nan
600,1546728442.74,138,29987,18.0524072748,13,56.3692307692,0.5,8,9719932.80372,65535,7,7,nan
600,1546729643.08,76,12368,25.6220439923,8,64.0,0.75,4,1524459.27157,65535,3,3,nan
600,1546730243.31,84,15330,39.5850189284,10,64.0,0.5,2,3.22749716623e+15,65535,6,6,nan
600,1546730843.36,77,25207,32.5636333429,8,64.0,0.6,5,1095635.56196,65535,2,2,nan
600,1546732646.42,50,4698,4.21895172116,7,64.0,0.666666666667,3,6.26296972177e+15,65535,1,2,nan
600,1546733246.42,3160,2597137,1.86795293775,33,64.0,0.714285714286,7,5.87873358672e+16,65535,20,23,60.0
600,1546733847.15,143,21532,24.8994587925,12,64.0,0.5,2,486910.802752,65535,9,9,nan
600,1546734447.15,246,66740,12.8663220472,19,64.0,0.5,6,73243537.7681,65535,7,7,nan
600,1546735047.17,54,12879,10.9612311969,2,64.0,0.0,2,nan,nan,1,1,nan
600,1546735647.18,149,33661,14.1803283268,14,64.0,0.5,6,6.43471421999e+15,65535,8,9,nan
600,1546736247.45,138,30072,22.6264865729,11,64.0,0.6,5,9.38049649766e+15,65535,7,8,60.0
600,1546736847.53,69214,96488290,0.461392357001,16,64.0,0.75,4,9.89152725574e+15,65535,5,5,nan
600,1546737447.53,146887,205750451,0.148131097023,10,64.0,0.6,5,6.60774516359e+15,65535,3,3,nan
600,1546738047.54,125827,176138802,0.155712485032,22,63.9911131602,0.5,8,3.30757310287e+15,65535,10,22,nan
600,1546738647.6,6694,8163271,1.95937986197,8,64.0,0.8,5,6.60918610172e+15,65535,1,3,nan
600,1546739247.76,12,850,23.5701069419,1,64.0,1.0,1,110544.480605,2995,0,0,nan
600,1546739848.0,171,76230,16.3580707574,14,64.0,0.6,5,9.31845779551e+15,65535,7,7,nan
600,1546740448.02,12,1976,112.567301052,2,64.0,0.5,2,0.837024304514,65535,1,1,nan
600,1546742252.32,103,34645,19.0347825526,8,64.0,0.75,4,2.65603751555e+15,65535,2,2,nan
600,1546742852.32,45,13015,50.4596121388,2,64.0,0.5,2,99055.0787478,65535,1,1,nan
600,1546743452.34,205,18567,13.9191914333,10,64.0,0.8,5,2009790.8545,65535,5,5,60.0
600,1546744052.35,79,28834,22.8465924857,5,64.0,0.333333333333,3,1286075.98614,65535,2,3,nan
600,1546744652.35,13,940,70.1658782982,3,64.0,1.0,3,21108.4027443,2808,0,0,nan
600,1546745252.37,285,52908,7.97014995795,21,64.0,0.5,6,1.26488951797e+16,65535,12,13,nan
600,1546745852.37,4391,569644,1.31778797344,29,64.9666361974,0.666666666667,9,1.32281291786e+16,65535,13,23,nan
600,1546746452.39,33,2390,40.249508943,6,64.0,1.0,2,2.17478262047e+15,1854,0,0,nan
600,1546747052.4,50,15752,21.3161099205,5,64.0,0.75,4,507447.327942,65535,2,2,nan
600,1546747652.42,31,6740,64.589842687,3,64.0,0.5,2,244206.28986,65535,1,1,nan
600,1546748252.43,6818,6110800,0.660214336108,53,62.5358668434,0.545454545455,11,6.62764827578e+15,65535,42,55,85.3333333333
600,1546748852.44,1313,221706,1.33400297195,27,50.5487708168,0.444444444444,9,2.30765728559e+16,65535,7,11,94.0
600,1546749452.46,659,100784,2.94027882808,15,49.5158227848,0.5,8,1.62659964623e+16,65535,5,8,94.0
600,1546750052.47,939,148473,2.36276630427,15,48.3461962514,0.5,8,3.32012684822e+15,65535,6,8,94.0
600,1546750652.48,1158,166650,2.31800065166,21,57.1822222222,0.6,10,573968153.864,65535,13,16,94.0
1200,1546715222.59,6631,6089233,1.936173652,39,66.9251328778,0.666666666667,9,3.8248779818e+16,65535,27,46,40.0
1200,1546716422.65,469,122514,10.2745475857,25,63.1350114416,0.7,10,2.51524852491e+16,65535,14,18,104.0
1200,1546717624.34,3855,516190,1.37587825595,32,70.7733822374,0.75,8,4.80360565045e+16,65535,19,50,60.0
1200,1546718825.28,6515,718022,1.34487891055,45,70.1459559963,0.583333333333,12,5.77109063978e+16,65535,28,63,55.2
1200,1546720027.51,2997,413022,2.65600904533,24,65.2607372337,0.625,8,2.46877962118e+16,65535,13,26,nan
1200,1546721227.87,2904,420636,2.19912896049,31,71.4013986014,0.6,10,3.5594306543e+16,65535,21,45,94.0
1200,1546722428.7,6708,883527,2.01752458085,34,65.1565543071,0.666666666667,9,3.25183689226e+16,65535,25,52,60.0
1200,1546723628.76,5407,704610,2.86011108673,30,68.5549348231,0.5,8,6.82495434628e+16,65535,17,43,48.0
1200,1546724828.83,8911,2108717,1.85285599877,73,64.0498365092,0.583333333333,12,6.85227082025e+16,65535,60,82,89.8461538462
1200,1546726028.86,299,36771,15.971299781,19,64.0,0.8,5,3.23555915093e+15,65535,7,8,nan
1200,1546727228.86,198,73748,25.4419492852,14,64.0,0.8,5,9751429.51132,65535,5,6,60.0
1200,1546728429.06,141,30255,20.6757439715,13,56.3692307692,0.5,8,9719932.80372,65535,7,7,nan
1200,1546729632.06,160,27698,37.2466690158,15,64.0,0.75,4,3.23763649391e+15,65535,9,9,nan
1200,1546730832.06,78,25320,36.4057079448,8,64.0,0.6,5,1095635.56196,65535,2,2,nan
1200,1546732032.11,58,5394,51.6047442697,11,64.0,0.8,5,6.27590743311e+15,65535,1,2,nan
1200,1546733232.13,3303,2618669,6.34974001927,39,64.0,0.714285714286,7,5.8827550932e+16,65535,24,32,60.0
1200,1546734432.15,300,79619,15.7488668759,20,64.0,0.5,6,73243537.7681,65535,8,8,nan
1200,1546735632.18,287,63733,21.3943425169,22,64.0,0.571428571429,7,1.60127375038e+16,65535,14,17,60.0
1200,1546736832.2,213480,298534019,0.281552819896,22,64.0,0.714285714286,7,1.65005851059e+16,65535,8,8,nan
1200,1546738032.23,135142,188006795,0.479406720972,24,63.9917250159,0.555555555556,9,9.93048718041e+15,65535,10,25,nan
1200,1546739232.26,183,77080,41.9934788274,15,64.0,0.6,5,9.56879855854e+15,65535,7,7,nan
1200,1546740432.27,20,2586,95.266697035,4,64.0,0.75,4,56645.0104244,65535,1,1,nan
1200,1546741632.31,111,35293,51.3653262289,10,64.0,0.6,5,2.65603751555e+15,65535,4,4,nan
1200,1546742832.32,250,31582,25.2843015765,10,64.0,0.8,5,12811706.6241,65535,5,6,60.0
1200,1546744032.33,92,29774,38.9471686419,8,64.0,0.6,5,9772369.62209,65535,2,3,nan
1200,1546745232.37,4674,622362,2.9399377486,40,64.9092863285,0.545454545455,11,2.62634865445e+16,65535,24,36,nan
1200,1546746432.39,85,18332,39.8682292724,11,64.0,0.8,5,3.27069927803e+15,65535,2,2,nan
1200,1546747632.41,6805,6111537,4.83660376511,53,62.5878358429,0.545454545455,11,6.62682214078e+15,65535,42,56,84.8648648649
1200,1546748832.45,1993,325660,2.16651315457,33,50.5548589342,0.545454545455,11,2.63978951918e+16,65535,10,19,94.0
1200,1546750032.46,2120,317956,2.36883634897,28,52.9853943525,0.6,10,1.64462256183e+16,65535,14,24,94.0
