60,1546715222.59,644,146925,0.721214634866,20,64.0,0.5,6,1087947.66187,65535,8,8,nan
60,1546715282.72,90,16090,2.63863363273,7,64.0,1.0,2,385.340507627,65535,0,0,nan
60,1546715342.82,22,2402,2.82093575505,4,64.0,0.666666666667,3,45.7617709188,65535,1,1,nan
60,1546715402.92,21,1338,3.07909734219,4,64.0,1.0,2,10176.3677464,1633,0,0,nan
60,1546715463.38,58,8683,3.64119310537,12,64.0,0.666666666667,3,15.7657133435,65535,1,1,nan
60,1546715523.52,43,6428,3.36415868025,7,64.0,0.5,2,133.800349018,65535,0,0,nan
60,1546715583.64,34,7541,2.82137518959,6,64.0,0.333333333333,3,48.3632005086,65535,2,2,nan
60,1546715703.71,13,2469,1.13626510973,3,64.0,0.5,2,12.8620906315,65535,0,0,nan
60,1546715763.71,12,876,12.0216217874,3,64.0,1.0,1,17.6742817711,2117,0,0,nan
60,1546715943.75,47,15094,3.22884541662,5,64.0,0.333333333333,3,1938384.85083,65535,1,1,nan
60,1546716003.78,502,137332,1.44810839368,8,64.0,0.5,2,365.73130686,65535,5,6,nan
60,1546716064.46,30,11990,3.06627272989,4,64.0,0.333333333333,3,23.311286646,65535,1,1,nan
60,1546716125.08,36,9324,5.40664772232,5,64.0,0.5,2,16.4738599882,65535,2,2,nan
60,1546716185.08,29,11835,5.34199208334,4,64.0,0.666666666667,3,43.0387093295,65535,0,0,nan
60,1546716246.33,18,1206,5.14264529265,7,64.0,1.0,1,22.8168067851,6161,0,0,nan
60,1546716306.88,20,2253,4.80564980044,4,64.0,0.5,2,39.2094576667,65535,1,1,nan
60,1546716366.88,29,4024,1.21504210664,5,64.0,0.5,4,1.8711138516,65535,3,4,60.0
60,1546716428.56,39,13172,0.695434370961,7,64.0,0.25,4,9785.84395053,65535,2,2,nan
60,1546716490.18,21,3422,1.00285887391,4,64.0,0.5,4,12.8540722006,65535,1,1,60.0
60,1546716612.26,15,1854,2.59634182861,5,64.0,0.666666666667,3,15.9453802674,65535,1,1,nan
60,1546716792.27,12,775,4.06157918173,2,64.0,1.0,2,22.1164043652,769,0,0,nan
60,1546716913.7,29,13187,4.79892873666,3,64.0,0.333333333333,3,20.7265210839,65535,1,1,nan
60,1546716973.8,22,2460,5.56508129798,3,64.0,0.5,2,69.5530820578,65535,1,1,nan
60,1546717459.38,20,3818,1.10119091657,4,64.0,0.333333333333,3,14.555792249,65535,1,1,nan
60,1546717831.66,51,14991,7.2104199315,7,64.0,0.5,4,1530055.66166,65535,2,2,nan
60,1546718134.93,18,3385,1.02014454518,3,64.0,0.5,2,37.2957341318,65535,1,1,nan
60,1546718195.02,15,3748,0.0898452701215,2,64.0,0.5,2,9.82547342661,65535,1,1,nan
60,1546718377.51,63,11543,3.00370147143,6,64.0,0.666666666667,3,64.8598847135,65535,4,4,nan
60,1546718438.34,3193,228690,0.0622232602137,6,64.0,0.333333333333,3,307682.193405,65535,3,3,nan
60,1546718498.34,24714,1706715,0.0992148137566,14,64.0,0.333333333333,3,11596731.9957,65535,9,9,nan
60,1546718558.99,5704,395502,0.268923035125,6,64.0,0.333333333333,3,76982.2827293,65535,5,5,nan
60,1546718620.28,159,52256,1.5533992626,10,64.0,0.333333333333,3,678749.986831,65535,3,4,nan
60,1546718680.32,13608,967959,0.149905694964,18,64.0,0.333333333333,3,150551.884793,65535,7,7,nan
60,1546718743.09,14032,972560,0.133263757551,5,64.0,0.333333333333,3,441966.416987,65535,2,2,nan
60,1546718803.12,4454,350798,0.0420341570337,14,64.0,0.333333333333,3,33385.6334028,65535,8,8,nan
60,1546718863.14,5063,379691,0.679172465587,11,64.0,0.333333333333,3,75261.7026194,65535,3,3,nan
60,1546718923.15,3673,290505,0.381594979537,22,64.0,0.5,4,17952.8352794,65535,7,7,nan
60,1546718983.23,15752,1078521,0.117451149876,19,64.0,0.333333333333,3,628904.265029,65535,3,3,nan
60,1546719043.23,29584,2033890,0.0678927449183,15,64.0,0.333333333333,3,844355.000565,65535,4,4,nan
60,1546719103.23,11934,805660,0.281779692395,10,64.0,0.333333333333,3,211604.792841,65535,1,1,nan
60,1546719163.24,234,75361,1.17597890279,15,64.0,0.6,5,348.994834509,65535,8,8,8.0
60,1546719223.84,7586,507092,0.244504366662,9,64.0,0.333333333333,3,106831.423144,65535,2,2,nan
60,1546719284.3,14058,977108,0.135951370672,23,64.0,0.333333333333,3,211268.455207,65535,13,13,nan
60,1546719344.32,9790,695425,0.118252885985,19,64.0,0.5,6,148726.357389,65535,7,7,60.0
60,1546719404.33,5698,394597,0.199570311331,12,64.0,0.4,5,29823.8050405,65535,1,1,nan
60,1546719469.84,29,10439,3.28047957057,4,64.0,0.5,2,59.9889360501,65535,1,1,nan
60,1546719529.84,39,6057,3.76449583999,6,64.0,1.0,2,1348969.42377,6161,0,0,nan
60,1546719589.85,61,6379,1.70690741081,13,64.0,0.666666666667,3,235.141478299,65535,1,1,nan
60,1546719649.85,32,12253,4.4517850627,7,64.0,0.666666666667,3,78.8011977732,65535,1,1,nan
60,1546719709.86,21,3568,1.75225663833,3,64.0,0.5,2,17.5866737947,65535,1,1,nan
60,1546719891.8,23,10040,0.911223591101,3,64.0,0.5,2,868082.93525,65535,1,1,nan
60,1546719951.89,26,11404,2.75796255195,3,64.0,0.5,2,16.8057408605,65535,0,0,nan
60,1546720014.27,22,15192,1.26402636702,3,64.0,0.5,2,13.5075253799,65535,1,1,nan
60,1546720074.38,28,11982,6.07296825422,3,64.0,0.666666666667,3,6432.64894196,65535,0,0,nan
60,1546720194.54,29,13714,0.942018834961,3,64.0,0.333333333333,3,554529.48903,65535,1,2,nan
60,1546720257.44,22,3186,6.441613358,4,64.0,0.5,2,32.3719913437,65535,1,1,nan
60,1546720318.51,55,9082,3.96946692885,4,64.0,0.5,2,93.6228395588,65535,2,2,nan
60,1546720381.7,278,326980,2.47234621424,5,64.0,0.5,2,65.1518052732,65535,6,6,nan
60,1546720441.86,24,11274,3.83511076454,2,64.0,0.5,2,1.24258987345,65535,0,0,nan
60,1546720682.58,151,15688,4.57210475061,5,64.0,0.75,4,193.853721687,65535,3,3,123.0
60,1546720864.9,13,865,0.651730387966,2,64.0,1.0,1,65.922550693,790,0,0,nan
60,1546720925.8,39,14361,3.71831951421,6,64.0,0.5,4,964961.222928,65535,1,2,nan
60,1546720986.39,39,6746,3.72888405225,4,64.0,0.5,2,119.098720538,65535,1,1,nan
60,1546721350.76,32,11549,0.587408389347,3,64.0,0.5,2,14.9057907685,65535,2,2,nan
60,1546721654.26,21,3796,0.797563047876,4,64.0,0.666666666667,3,2.10984512915,65535,2,2,nan
60,1546721896.08,24,11200,2.49634804424,4,64.0,0.5,2,18.0336707592,65535,0,0,nan
60,1546721956.09,11,822,2.47638137282,3,64.0,1.0,1,7.28825023383,811,0,0,nan
60,1546722196.25,22,1662,1.83931084005,5,64.0,0.75,4,126.907782214,65535,1,1,nan
60,1546722256.29,17,2838,5.66868940043,4,64.0,1.0,2,55.4907117443,2939,0,0,nan
60,1546722739.98,56,33576,2.97274945231,5,64.0,0.666666666667,3,504453.178446,65535,1,1,nan
60,1546722800.62,14,4111,1.15991325505,2,64.0,0.5,2,1.22226228862,65535,1,1,nan
60,1546723103.22,13,5847,0.102820728784,3,64.0,0.5,2,0.221603902781,65535,1,1,nan
60,1546723284.2,21,9831,8.8972047524,3,64.0,0.666666666667,3,25.3713975055,65535,1,1,nan
60,1546723344.36,31,5104,0.368215439737,5,64.0,0.666666666667,3,130.678167654,65535,1,1,nan
60,1546723404.55,20,3778,0.855267289002,2,64.0,0.5,2,19.6962426808,65535,1,1,nan
60,1546723524.75,15,2961,1.26499689086,2,64.0,0.5,2,16.0627397353,65535,1,1,nan
60,1546723644.83,21,3848,1.91973412986,4,64.0,0.5,2,10.4985040879,65535,1,1,nan
60,1546723825.67,55,18406,0.662349060885,5,64.0,0.333333333333,3,1783999.24381,65535,2,3,nan
60,1546723885.74,53,12702,2.74715290548,8,64.0,0.666666666667,3,72.5567492862,65535,3,3,nan
60,1546724126.72,22,3075,1.59923060623,6,64.0,0.5,2,27.9903799783,65535,1,1,nan
60,1546724186.97,10,704,1.24566794787,3,64.0,1.0,1,24.2899405025,769,0,0,nan
60,1546724608.1,137,23883,1.09378915952,11,64.0,0.5,2,1545231.69905,65535,9,9,nan
60,1546724668.11,46,8258,4.66725482524,5,64.0,0.5,2,78.1928895556,65535,2,2,nan
60,1546724728.83,18,2912,9.99143040635,3,64.0,0.5,2,12.0111824213,65535,1,1,nan
60,1546724848.91,19,2582,8.61763987316,3,64.0,0.5,2,16.4961509765,65535,1,1,nan
60,1546724908.98,29,3603,5.54397147085,6,64.0,0.5,2,29.0107719515,65535,1,1,nan
60,1546724968.98,25,5585,4.43433521203,4,64.0,0.666666666667,3,6.4558905827,65535,1,1,nan
60,1546725149.07,17,3732,1.19645396947,2,64.0,0.5,2,12.9044752394,65535,1,1,nan
60,1546725571.62,25,7426,0.123779138202,2,64.0,0.5,2,55.2022354951,65535,1,1,nan
60,1546725692.35,15,2598,0.035177655824,2,64.0,0.5,2,9.76263269472,65535,1,1,nan
60,1546725752.45,11,2185,12.2774428721,1,64.0,1.0,1,1.14987996626,959,0,0,nan
60,1546726294.59,159,31633,2.47989814681,3,64.0,0.5,2,1349.65934031,65535,0,0,nan
60,1546726355.36,355,57048,1.23577489782,13,64.0,0.666666666667,3,248.310204499,65535,10,10,60.0
60,1546726415.53,11,679,9.46161410251,4,64.0,1.0,3,22.3538413928,1123,0,0,nan
60,1546726656.21,27,1888,0.293623889427,8,64.0,1.0,2,148.078069181,4261,0,0,nan
60,1546726716.27,13,857,5.14137015555,3,64.0,1.0,1,19.622518226,4261,0,0,nan
60,1546726836.75,17,3124,1.15338882378,2,64.0,0.5,2,17.2473069718,65535,1,1,nan
60,1546727139.62,21,9866,0.749614187011,2,64.0,0.5,2,402074.24799,65535,1,1,nan
60,1546727681.33,20,10949,1.14870186936,2,64.0,0.5,2,9.18054495194,65535,0,0,nan
60,1546727742.03,26,4714,5.12707708079,4,64.0,0.666666666667,3,21.577554095,65535,1,1,nan
60,1546727802.04,19,3736,0.0609958219304,2,64.0,0.5,2,2.56830132255,65535,1,1,nan
60,1546728042.56,25,4600,1.87743035632,4,64.0,0.666666666667,3,4.77914673839,65535,1,1,nan
60,1546728103.18,14,1826,1.2913145999,2,64.0,0.5,2,56.9816816288,65535,1,1,nan
60,1546728584.43,15,2488,1.0818296193,3,64.0,0.666666666667,3,16.2757233864,65535,1,1,nan
60,1546728885.5,16,2646,1.18398850974,3,64.0,0.5,2,32.2616982448,65535,1,1,nan
60,1546728945.56,25,3900,0.746335928515,3,64.0,0.5,2,2.57703611476,65535,2,2,nan
60,1546729547.53,17,3724,1.19649324753,2,64.0,0.5,2,10.1879720689,65535,1,1,nan
60,1546729667.59,34,12756,0.473432734281,3,64.0,0.666666666667,3,21.5963974262,65535,1,1,nan
60,1546729968.84,20,4303,2.29889614088,4,64.0,0.5,2,47.9784583213,65535,1,1,nan
60,1546730570.58,17,3122,1.13354350247,2,64.0,0.5,2,25.6396116334,65535,1,1,nan
60,1546731353.09,11,2727,0.0549129706376,2,64.0,0.5,2,1.54378133958,65535,1,1,nan
60,1546731593.76,17,3494,0.254806987435,3,64.0,0.5,2,62.4096903561,65535,1,1,nan
60,1546731954.69,17,2706,1.1554351672,2,64.0,0.5,2,13.0899974975,65535,1,1,nan
60,1546732376.0,18,3190,0.702023925912,3,64.0,0.666666666667,3,1552.54992294,65535,1,1,nan
60,1546732436.26,25,4931,0.952485374275,3,64.0,0.5,2,37134.6094624,65535,2,2,nan
60,1546732616.83,21,3905,7.91382369101,3,64.0,0.5,2,3687.3828886,65535,1,1,nan
60,1546732917.69,95,10884,0.0614164693291,6,64.0,0.666666666667,3,39.8988805337,65535,5,5,nan
60,1546733218.6,20,2951,2.02256970819,3,64.0,0.5,2,4906.605202,65535,1,1,nan
60,1546733398.89,28,7533,2.36469872548,3,64.0,0.5,2,52.5927140824,65535,1,1,nan
60,1546733458.98,99,21823,2.15884189615,9,64.0,0.75,4,69.0108484827,65535,6,6,60.0
60,1546733519.46,40,7836,0.754356804183,3,64.0,0.666666666667,3,19.8799143732,65535,0,0,nan
60,1546733579.64,35,7265,0.23364947672,5,64.0,0.5,2,28343.9667661,65535,1,1,nan
60,1546733760.12,16,1061,2.41714740017,3,64.0,1.0,2,62.6013804921,790,0,0,nan
60,1546733820.31,23,3090,5.31763278936,5,64.0,0.666666666667,3,73.2797060517,65535,1,1,nan
60,1546733880.41,12,1167,1.37477063864,4,64.0,0.666666666667,3,0.977140804916,65535,1,1,60.0
60,1546734000.77,48,14939,0.433319851098,3,64.0,0.666666666667,3,93.0467348195,65535,1,1,nan
60,1546734722.79,284,20443,0.230973155215,3,64.0,0.5,2,67.0489099269,65535,1,2,nan
60,1546734903.29,32,12327,1.74201307394,3,64.0,0.5,2,75.7377128356,65535,2,2,nan
60,1546734963.38,10,725,1.52525393311,3,64.0,1.0,1,1.6143790497,6161,0,0,nan
60,1546735505.37,21,10618,1.99861925009,3,64.0,0.5,2,14.6098253093,65535,0,0,nan
60,1546735986.74,16,3057,1.19563248511,2,64.0,0.5,2,10.720034433,65535,1,1,nan
60,1546736167.19,15,2570,1.05603439132,3,64.0,0.666666666667,3,13.524949,65535,1,1,nan
60,1546736708.76,50,9556,0.0632535521152,3,64.0,0.333333333333,3,1.85038191096,65535,2,2,nan
60,1546736768.96,18,2213,3.53368292731,3,64.0,0.5,2,31.6821950519,65535,1,1,nan
60,1546737009.72,21,2738,1.54463507183,4,64.0,0.5,2,32.4907125572,65535,1,1,nan
60,1546737190.3,61,26445,1.09001173658,3,64.0,0.5,2,13.8017274494,65535,2,5,nan
60,1546737430.31,14,984,0.827054962537,2,64.0,1.0,1,0.954854220836,853,0,0,nan
60,1546737490.31,11,816,0.711240336667,2,64.0,1.0,1,30.9139586782,853,0,0,nan
60,1546737790.74,43,6261,0.971944593835,6,64.0,0.75,4,46.7544649484,65535,4,4,104.0
60,1546738212.23,16,1824,0.601235822109,2,64.0,0.5,2,48.4269298671,65535,1,2,nan
60,1546738452.23,14,2917,0.0306018761687,2,64.0,0.5,2,16.3123184951,65535,1,1,nan
60,1546738632.29,512,204649,1.06360499971,13,64.0,0.333333333333,3,7785.030217,65535,15,16,nan
60,1546738692.29,80,14230,3.68322577506,4,64.0,0.5,2,56.2600650861,65535,1,1,nan
60,1546738875.17,11,800,9.56954574255,5,64.0,1.0,1,1.66545221302,1106,0,0,nan
60,1546738935.39,31,4466,6.29215802348,5,64.0,1.0,1,53.938316401,65535,0,0,nan
60,1546738995.5,27,3983,7.35360752376,4,64.0,0.5,2,64.7868793428,65535,1,1,nan
60,1546739176.13,10,758,4.00468356784,2,64.0,1.0,1,10.3914612028,748,0,0,nan
60,1546739537.4,37,6366,1.19047751943,4,64.0,0.5,2,116503.404304,65535,2,2,nan
60,1546740259.51,88,14347,0.357251872563,4,64.0,0.5,2,3132009.263,65535,3,4,nan
60,1546740502.28,49,14053,2.54901100451,6,64.0,0.666666666667,3,89.8266814502,65535,1,1,nan
60,1546740562.58,35,5445,5.46610969353,6,64.0,0.5,2,53.6925617288,65535,2,2,nan
60,1546740743.84,84,23000,3.53059986772,4,64.0,0.5,2,167.106224332,65535,0,0,nan
60,1546740803.86,31,13802,4.66873472809,5,64.0,1.0,1,144.782603761,65535,0,0,nan
60,1546740864.02,32,11865,2.79587784208,6,64.0,0.5,2,94.346194006,65535,0,0,nan
60,1546740924.3,32,7885,1.19693477506,5,64.0,0.5,2,30025.2264274,65535,1,1,nan
60,1546740984.65,30,12112,4.64235384047,4,64.0,0.666666666667,3,3197.70298078,65535,0,0,nan
60,1546741285.56,40,14903,0.0183230530496,5,64.0,0.4,5,640463.159511,65535,3,5,60.0
60,1546741405.86,22,3494,5.14780258949,4,64.0,0.333333333333,3,23.134166368,65535,1,1,nan
60,1546741826.94,22,11111,0.984113215225,3,64.0,0.5,2,33.0840240428,65535,0,0,nan
60,1546742549.06,13,2179,1.32779789966,2,64.0,0.5,2,10.5472852924,65535,1,1,nan
60,1546742789.73,19,10883,1.04762856975,2,64.0,0.5,2,3978.8625444,65535,0,0,nan
60,1546743331.46,704,960689,0.426875488468,3,64.0,0.5,2,455.171122832,65535,2,2,nan
60,1546743391.62,1824,2553160,0.0719375756082,1,64.0,1.0,1,5620.59282907,65535,0,0,nan
60,1546743812.92,101,18229,0.401679905144,10,64.0,0.5,6,352.129291762,65535,6,6,82.0
60,1546743873.12,28,3947,7.64497585672,2,64.0,1.0,1,33.0916320498,65535,0,0,nan
60,1546743993.43,16,3065,1.24280483574,3,64.0,0.5,2,13.9231459312,65535,1,1,nan
60,1546744113.64,20,2256,9.80820202565,5,64.0,0.666666666667,3,30.3674223588,65535,1,1,nan
60,1546744294.18,31,12256,0.483027118123,3,64.0,0.666666666667,3,36.562958558,65535,1,1,nan
60,1546744354.47,15,3304,0.0260478098595,2,64.0,0.5,2,12.6946979182,65535,1,1,nan
60,1546744535.18,14,1029,2.51459517717,2,64.0,1.0,1,885751.814344,790,0,0,nan
60,1546744715.66,21,11062,0.898713119264,2,64.0,0.5,2,13.457254389,65535,0,0,nan
60,1546744836.04,65,19815,4.98296532684,5,64.0,0.666666666667,3,106.425368935,65535,3,3,nan
60,1546744896.19,16,2653,1.18507255298,2,64.0,0.5,2,30.9925248881,65535,1,1,nan
60,1546746098.58,14,2038,1.23112409288,2,64.0,0.5,2,15.6282020543,65535,1,1,nan
60,1546746278.59,16,2463,0.703419861091,3,64.0,0.666666666667,3,2.25375440488,65535,1,1,nan
60,1546746338.65,23,3983,6.82333891226,3,64.0,0.5,2,28.7215673009,65535,1,1,nan
60,1546746399.36,29,5893,1.48044969925,3,64.0,0.5,2,331153.561307,65535,2,2,nan
60,1546746580.72,18,3607,0.929194639032,3,64.0,0.5,2,1.22804579383,65535,1,1,nan
60,1546746761.46,15,2972,1.26422175943,2,64.0,0.5,2,15.1037840017,65535,1,1,nan
60,1546747423.32,25,6616,0.714153328815,3,64.0,0.5,2,0.827753318318,65535,2,2,nan
60,1546747543.68,17,2705,1.19187938608,2,64.0,0.5,2,10.5686038514,65535,1,1,nan
60,1546747664.05,32,7803,3.8474047336,5,64.0,0.5,2,3354.23863203,65535,1,1,nan
60,1546748024.54,120,22049,0.171260514494,8,64.0,0.666666666667,3,40.716415941,65535,6,6,nan
60,1546748324.57,11,888,1.54923488542,2,64.0,1.0,1,1.20623908072,1127,0,0,nan
60,1546748565.57,63,26947,0.382953674898,6,64.0,0.5,4,51.2497794532,65535,2,2,nan
60,1546748805.77,20,3474,4.34969362069,3,64.0,0.5,2,11.8909315659,65535,1,1,nan
60,1546748986.39,27,4711,0.58057355455,3,64.0,0.5,2,702098.621804,65535,2,2,nan
60,1546749046.57,128,16397,2.06484872791,7,64.0,0.5,2,33.569465044,65535,6,6,nan
60,1546749167.15,13,2178,1.35011301106,2,64.0,0.5,2,16.1102327731,65535,1,1,nan
60,1546749227.15,12,1767,1.40607662461,2,64.0,0.5,2,5.19450885806,65535,1,1,nan
60,1546749347.19,17,2486,1.16269107516,3,64.0,0.5,2,44.1272289617,65535,1,1,nan
60,1546749527.22,14,2537,1.25009917767,2,64.0,0.5,2,6.95201805258,65535,1,1,nan
60,1546750007.32,11,740,2.90366069204,2,64.0,1.0,1,1078335.77999,769,0,0,nan
60,1546750127.45,18,2979,5.90706773843,2,64.0,0.5,2,13.112208268,65535,1,1,nan
60,1546750247.78,19,9672,5.00102035411,2,64.0,0.5,2,11.2623768166,65535,1,1,nan
60,1546750428.6,21,4026,1.09657476795,2,64.0,0.5,2,696061.32761,65535,1,1,nan
60,1546750488.81,26,3235,0.564273566479,4,64.0,0.333333333333,3,233624.478142,65535,7,7,nan
60,1546750610.43,59,7504,0.98199487284,9,64.0,0.6,5,137708.963746,65535,7,7,89.3333333333
120,1546715222.59,734,163015,1.21640279418,21,64.0,0.5,6,1092912.37945,65535,8,8,nan
120,1546715342.68,43,3740,3.14472989694,7,64.0,0.666666666667,3,10428.6781245,65535,1,1,nan
120,1546715463.38,101,15111,3.59133016341,15,64.0,0.5,4,162.884366307,65535,1,1,nan
120,1546715583.64,42,8148,8.0232674152,7,64.0,0.5,4,60.0794538387,65535,2,2,nan
120,1546715703.71,25,3345,8.67150589434,4,64.0,0.5,2,31.2075889258,65535,0,0,nan
120,1546715943.75,549,152426,1.88475518598,10,64.0,0.333333333333,3,1956067.11836,65535,6,7,nan
120,1546716063.78,66,21314,6.47138820402,6,64.0,0.333333333333,3,40.9899352054,65535,2,3,nan
120,1546716183.78,47,13041,6.05259246454,10,64.0,0.666666666667,3,69.5930615795,65535,0,0,nan
120,1546716306.88,49,6277,4.41945591686,8,64.0,0.5,4,88.1686239675,65535,4,5,60.0
120,1546716428.56,60,16594,7.53516252714,8,64.0,0.4,5,10914.5738237,65535,3,3,60.0
120,1546716548.57,22,2369,10.7273097104,6,64.0,0.666666666667,3,18.7979076984,65535,1,1,nan
120,1546716668.57,11,676,16.0053299297,3,64.0,1.0,2,21.5805045784,853,0,0,nan
120,1546716788.57,17,1084,6.89616285682,3,64.0,1.0,3,55.4970884803,769,0,0,nan
120,1546716908.9,50,15605,6.93247591145,4,64.0,0.333333333333,3,95.3926843922,65535,2,2,nan
120,1546717391.93,20,3818,1.10119091657,4,64.0,0.333333333333,3,14.555792249,65535,1,1,nan
120,1546717755.82,31,4617,8.57831103322,4,64.0,0.666666666667,3,2.97083502415,65535,2,2,nan
120,1546717876.12,37,11466,5.13018577743,3,64.0,0.5,2,1553415.04617,65535,0,0,nan
120,1546718117.96,18,3385,1.02014454518,3,64.0,0.5,2,37.2957341318,65535,1,1,nan
120,1546718238.12,16,3790,1.09007265681,2,64.0,0.5,2,9.82547342661,65535,1,1,nan
120,1546718358.2,67,11897,3.08324658256,7,64.0,0.666666666667,3,65.6468447941,65535,4,4,nan
120,1546718478.6,33540,2324157,0.194121093346,18,64.0,0.333333333333,3,12157885.0506,65535,17,17,nan
120,1546718599.8,10705,778572,0.287533382368,17,64.0,0.333333333333,3,885930.956784,65535,5,6,nan
120,1546718720.64,17165,1220953,0.170796571302,12,64.0,0.333333333333,3,462775.993553,65535,7,7,nan
120,1546718842.93,10928,841708,0.51293921156,22,64.0,0.5,4,116519.304509,65535,13,13,nan
120,1546718962.94,42756,2917804,0.1019631198,29,64.0,0.333333333333,3,1222179.24579,65535,9,9,nan
120,1546719082.97,16935,1239308,0.280616506952,21,64.0,0.5,4,520008.226819,65535,8,10,8.0
120,1546719202.97,21554,1466460,0.199951383656,17,64.0,0.5,4,318416.493281,65535,5,6,nan
120,1546719323.22,15641,1117309,0.130165181703,27,64.0,0.5,6,183268.223218,65535,18,19,60.0
120,1546719443.78,47,16810,7.05661476501,5,64.0,0.333333333333,3,64.4920173061,65535,1,1,nan
120,1546719567.69,119,23917,2.87870167392,16,64.0,0.75,4,1380231.46813,65535,2,2,nan
120,1546719689.8,28,4028,5.77721651084,6,64.0,0.666666666667,3,38.4446147604,65535,1,1,nan
120,1546719812.88,23,10040,0.911223591101,3,64.0,0.5,2,868082.93525,65535,1,1,nan
120,1546719935.67,48,26596,4.83810988499,5,64.0,0.333333333333,3,69.5334755185,65535,1,1,nan
120,1546720056.42,34,12416,6.90695141645,3,64.0,0.666666666667,3,6478.16703129,65535,0,0,nan
120,1546720177.34,37,14257,8.68002147604,4,64.0,0.333333333333,3,956682.268255,65535,1,2,nan
120,1546720300.76,336,336634,1.76386433651,7,64.0,0.5,2,157.373214541,65535,8,8,nan
120,1546720421.1,41,13744,10.5122880358,4,64.0,0.333333333333,3,13.5723867267,65535,1,1,nan
120,1546720541.45,14,911,11.7378039406,4,64.0,1.0,1,23.7557027342,790,0,0,nan
120,1546720661.7,159,16166,4.90887679,6,64.0,0.75,4,195.449422744,65535,3,3,123.0
120,1546720905.64,73,17719,3.25021457006,8,64.0,0.5,4,997324.452416,65535,2,3,nan
120,1546721026.01,19,4319,4.25029693443,1,64.0,1.0,1,28.8379894268,65535,0,0,nan
120,1546721273.91,35,11699,12.1082983089,4,64.0,0.5,2,17.1632977621,65535,2,2,nan
120,1546721635.53,21,3796,0.797563047876,4,64.0,0.666666666667,3,2.10984512915,65535,2,2,nan
120,1546721876.07,35,12022,6.14861838933,4,64.0,0.5,2,50.8457983019,65535,0,0,nan
120,1546722116.1,13,861,0.411392909228,3,64.0,1.0,2,46.7956818811,2939,0,0,nan
120,1546722237.42,29,3812,5.33256715055,5,64.0,0.666666666667,3,119.605598316,65535,1,1,nan
120,1546722720.42,70,37687,2.87587472768,6,64.0,0.666666666667,3,620846.55388,65535,2,2,nan
120,1546723081.63,20,6354,13.5092442321,4,64.0,0.5,2,6.10096044963,65535,1,1,nan
120,1546723203.05,18,9630,1.14928138774,2,64.0,0.5,2,8.36598164288,65535,1,1,nan
120,1546723323.25,54,9083,8.09531742247,6,64.0,0.666666666667,3,165.775341202,65535,2,2,nan
120,1546723443.31,15,2961,1.26499689086,2,64.0,0.5,2,16.0627397353,65535,1,1,nan
120,1546723563.72,26,4173,10.3696145052,5,64.0,0.5,2,15.9726705028,65535,1,1,nan
120,1546723805.78,94,29002,2.45807585357,9,64.0,0.5,4,1823469.83245,65535,4,5,nan
120,1546723925.79,16,2214,7.90086629435,4,64.0,0.5,2,8.16325304922,65535,1,1,nan
120,1546724046.01,25,3237,8.75213546492,5,64.0,0.5,2,31.3754144794,65535,1,1,nan
120,1546724166.03,11,770,15.9352964062,3,64.0,1.0,1,26.0842275598,769,0,0,nan
120,1546724528.12,61,12099,9.83839948408,6,64.0,0.5,2,1544994.72478,65535,3,3,nan
120,1546724648.16,127,20355,3.05638868363,12,64.0,0.5,2,143.209441196,65535,8,8,nan
120,1546724768.19,34,5344,12.2775274721,3,64.0,0.5,2,28.2136344987,65535,1,2,nan
120,1546724888.28,57,9374,5.26483457152,9,64.0,0.666666666667,3,251.10360763,65535,2,2,nan
120,1546725129.14,22,4057,11.6217097094,3,64.0,0.5,2,17.1881015106,65535,1,1,nan
120,1546725489.97,29,7738,3.78342210749,3,64.0,0.666666666667,3,141.144070623,65535,1,1,nan
120,1546725730.3,26,4783,8.09899488724,3,64.0,0.5,2,39.6824900681,65535,1,1,nan
120,1546726210.99,152,30054,0.356321983348,3,64.0,0.5,2,1322.36445427,65535,0,0,nan
120,1546726331.14,365,58813,1.79175025403,13,64.0,0.666666666667,3,264.448663122,65535,10,10,60.0
120,1546726451.27,17,1027,11.8597211955,6,64.0,1.0,3,31.0350264497,4261,0,0,nan
120,1546726692.13,44,2985,3.72336962492,8,64.0,1.0,2,209.775587815,4261,0,0,nan
120,1546726812.42,17,3124,1.15338882378,2,64.0,0.5,2,17.2473069718,65535,1,1,nan
120,1546727174.75,26,10187,12.4124434261,2,64.0,0.5,2,402091.193322,65535,1,1,nan
120,1546727655.68,40,15264,4.89282760395,5,64.0,0.5,4,24.5840335663,65535,1,1,nan
120,1546727776.25,25,4135,5.48172713491,3,64.0,0.5,2,11.9192072473,65535,1,1,nan
120,1546728017.05,39,6426,8.11820699521,5,64.0,0.666666666667,3,71.0929642122,65535,2,2,nan
120,1546728499.24,16,2601,11.1976085794,3,64.0,0.666666666667,3,16.2757233864,65535,1,1,nan
120,1546728860.16,40,6504,10.0616096731,5,64.0,0.5,2,66.2559850302,65535,3,3,nan
120,1546729462.56,17,3724,1.19649324753,2,64.0,0.5,2,10.1879720689,65535,1,1,nan
120,1546729702.6,35,12869,8.22281877024,3,64.0,0.666666666667,3,21.5963974262,65535,1,1,nan
120,1546729943.92,24,4519,9.66543913228,4,64.0,0.5,2,66.9925766018,65535,1,1,nan
120,1546730545.3,17,3122,1.13354350247,2,64.0,0.5,2,25.6396116334,65535,1,1,nan
120,1546731388.17,12,2769,1.29632403909,2,64.0,0.5,2,1.54378133958,65535,1,1,nan
120,1546731628.85,18,3536,0.786292454231,3,64.0,0.5,2,62.4096903561,65535,1,1,nan
120,1546731869.48,24,3190,15.3716227132,4,64.0,0.666666666667,3,31.1358980596,65535,1,1,nan
120,1546732350.58,43,8121,11.0055241188,5,64.0,0.666666666667,3,46195.4577293,65535,3,3,nan
120,1546732591.76,26,4210,7.3079478903,4,64.0,0.5,2,3950.12940444,65535,1,1,nan
120,1546732832.11,99,11136,2.19019395172,7,64.0,0.666666666667,3,41.1156582848,65535,5,5,nan
120,1546733193.5,20,2951,2.02256970819,3,64.0,0.5,2,4906.605202,65535,1,1,nan
120,1546733313.52,27,7538,9.44448872622,3,64.0,0.5,2,38.7586343306,65535,1,1,nan
120,1546733433.74,141,29767,3.89955879705,11,64.0,0.6,5,102.38984409,65535,6,6,60.0
120,1546733553.78,38,7451,7.606445498,6,64.0,0.5,2,30973.8452132,65535,1,1,nan
120,1546733674.71,20,1344,14.3372187366,4,64.0,1.0,2,85.2851955943,790,0,0,nan
120,1546733794.79,30,3526,7.94367734609,5,64.0,0.666666666667,3,145.789190786,65535,1,1,nan
120,1546733915.5,39,9153,12.990439373,4,64.0,0.75,4,18.300130175,65535,2,2,60.0
120,1546734035.73,19,6964,0.662388705099,1,64.0,1.0,1,16.4326275957,1843,0,0,nan
120,1546734517.16,11,1287,7.52718539371,2,64.0,1.0,2,0.325444689989,1355,0,0,nan
120,1546734637.66,284,20443,0.230973155215,3,64.0,0.5,2,67.0489099269,65535,1,2,nan
120,1546734877.81,42,13052,7.96110026739,5,64.0,0.5,2,79.68101905,65535,2,2,nan
120,1546735480.28,27,11017,12.5535609779,3,64.0,0.5,2,62.7274732113,65535,0,0,nan
120,1546735961.68,16,3057,1.19563248511,2,64.0,0.5,2,10.720034433,65535,1,1,nan
120,1546736081.99,15,2570,1.05603439132,3,64.0,0.666666666667,3,13.524949,65535,1,1,nan
120,1546736683.7,73,12650,7.51389001263,6,64.0,0.5,4,63.972606569,65535,3,3,nan
120,1546736924.42,30,3391,8.52291138729,5,64.0,0.5,2,45.2848167923,65535,1,1,nan
120,1546737164.91,64,26644,3.10246159219,4,64.0,0.666666666667,3,45.0409261848,65535,2,5,nan
120,1546737404.92,14,984,0.827054962537,2,64.0,1.0,1,0.954854220836,853,0,0,nan
120,1546737524.92,12,929,10.5167292707,2,64.0,1.0,1,30.9139586782,853,0,0,nan
120,1546737764.92,43,6261,0.971944593835,6,64.0,0.75,4,46.7544649484,65535,4,4,104.0
120,1546738004.92,16,1066,13.5376375345,2,64.0,1.0,2,17.884555254,769,0,0,nan
120,1546738245.7,19,2025,19.0235875095,3,64.0,0.666666666667,3,72.1409634252,65535,1,2,nan
120,1546738486.77,15,2959,1.23230936545,2,64.0,0.5,2,16.3123184951,65535,1,1,nan
120,1546738606.78,540,210041,1.29483778351,14,64.0,0.333333333333,3,7950.06996391,65535,17,18,nan
120,1546738726.79,55,9079,1.85267001136,2,64.0,1.0,1,34.6010045524,65535,0,0,nan
120,1546738847.12,40,5653,6.50920188364,8,64.0,1.0,2,168.943998827,65535,0,0,nan
120,1546738967.13,36,4565,6.41181009402,4,64.0,0.5,2,65.7302618864,65535,1,1,nan
120,1546739087.18,10,758,4.00468356784,2,64.0,1.0,1,10.3914612028,748,0,0,nan
120,1546739447.3,37,6366,1.19047751943,4,64.0,0.5,2,116503.404304,65535,2,2,nan
120,1546740168.34,88,14347,0.357251872563,4,64.0,0.5,2,3132009.263,65535,3,4,nan
120,1546740410.51,46,13903,1.65553846636,6,64.0,0.666666666667,3,89.7517021519,65535,1,1,nan
120,1546740530.63,39,5637,5.68124551941,6,64.0,0.5,2,59.3712948251,65535,2,2,nan
120,1546740772.29,115,36889,3.80757413697,6,64.0,0.5,2,354.781046495,65535,0,0,nan
120,1546740892.33,63,19585,6.46202419028,9,64.0,0.333333333333,3,47748.8350466,65535,1,1,nan
120,1546741013.34,35,12504,9.87264437964,5,64.0,0.666666666667,3,3325.31560846,65535,0,0,nan
120,1546741255.46,41,14945,0.808461078124,5,64.0,0.4,5,640463.159511,65535,3,5,60.0
120,1546741375.7,22,3494,5.14780258949,4,64.0,0.333333333333,3,23.134166368,65535,1,1,nan
120,1546741857.03,28,11510,11.4059599215,3,64.0,0.5,2,65.3388446951,65535,0,0,nan
120,1546742578.83,16,2380,16.3225319426,3,64.0,0.666666666667,3,26.3472481992,65535,1,1,nan
120,1546742819.83,24,11216,12.3398620557,2,64.0,0.5,2,6049.90547265,65535,0,0,nan
120,1546743301.13,2528,3513849,0.355591814784,3,64.0,0.5,2,6109.38757614,65535,2,2,nan
120,1546743781.88,103,18369,0.551159190189,10,64.0,0.5,6,352.129291762,65535,6,6,82.0
120,1546743901.99,48,7439,5.18205173328,3,64.0,0.5,2,152.322536316,65535,1,1,nan
120,1546744022.1,18,2054,2.63437587066,5,64.0,0.666666666667,3,13.4041452481,65535,1,1,nan
120,1546744262.32,31,12256,0.483027118123,3,64.0,0.666666666667,3,36.562958558,65535,1,1,nan
120,1546744382.35,16,3346,1.22625087468,2,64.0,0.5,2,12.6946979182,65535,1,1,nan
120,1546744502.36,14,1029,2.51459517717,2,64.0,1.0,1,885751.814344,790,0,0,nan
120,1546744742.73,26,11383,11.7410041621,2,64.0,0.5,2,16.7877089457,65535,0,0,nan
120,1546744862.84,79,22384,5.91387931631,6,64.0,0.666666666667,3,160.897721717,65535,4,4,nan
120,1546745103.05,12,801,15.4607976095,3,64.0,1.0,1,2.09430963017,1485,0,0,nan
120,1546746063.6,14,2038,1.23112409288,2,64.0,0.5,2,15.6282020543,65535,1,1,nan
120,1546746183.6,16,2463,0.703419861091,3,64.0,0.666666666667,3,2.25375440488,65535,1,1,nan
120,1546746303.61,23,3983,6.82333891226,3,64.0,0.5,2,28.7215673009,65535,1,1,nan
120,1546746423.65,34,6218,14.3191870479,4,64.0,0.5,2,342938.025365,65535,2,2,nan
120,1546746544.29,19,3720,5.61709539444,3,64.0,0.5,2,1.22804579383,65535,1,1,nan
120,1546746664.43,22,3409,13.1235001985,4,64.0,0.5,2,44.9796651872,65535,1,1,nan
120,1546747385.08,28,6817,13.12188117,4,64.0,0.666666666667,3,8.03845277643,65535,2,2,nan
120,1546747505.19,23,3620,14.6602294341,3,64.0,0.666666666667,3,30.7374522028,65535,1,1,nan
120,1546747625.3,32,7803,3.8474047336,5,64.0,0.5,2,3354.23863203,65535,1,1,nan
120,1546747985.63,120,22049,0.171260514494,8,64.0,0.666666666667,3,40.716415941,65535,6,6,nan
120,1546748345.86,11,888,1.54923488542,2,64.0,1.0,1,1.20623908072,1127,0,0,nan
120,1546748585.93,69,27346,7.48849808596,6,64.0,0.5,4,51.9662241408,65535,2,2,nan
120,1546748826.03,24,3713,11.5838066944,3,64.0,0.5,2,12.4109345684,65535,1,1,nan
120,1546748946.03,142,18855,5.12918573408,8,64.0,0.5,2,749079.118329,65535,7,7,nan
120,1546749066.18,37,6036,6.51646594096,5,64.0,0.666666666667,3,76.3215429851,65535,1,2,nan
120,1546749186.64,22,2391,17.1110033573,7,64.0,0.5,2,5.80241336814,65535,1,1,nan
120,1546749306.77,17,2486,1.16269107516,3,64.0,0.5,2,44.1272289617,65535,1,1,nan
120,1546749546.94,20,3464,20.4914517339,3,64.0,0.666666666667,3,14.2289526579,65535,1,1,nan
120,1546750027.37,31,3780,8.37447431751,4,64.0,0.5,2,1215620.7197,65535,1,1,nan
120,1546750267.47,25,10107,12.0622954562,2,64.0,0.5,2,13.854384675,65535,1,1,nan
120,1546750387.48,21,4026,1.09657476795,2,64.0,0.5,2,696061.32761,65535,1,1,nan
120,1546750507.75,82,10358,8.39152668089,9,64.0,0.6,5,539246.801612,65535,7,13,82.0
120,1546750627.86,11,1665,0.435939944931,3,64.0,0.666666666667,3,2347.09069499,65535,1,1,104.0
180,1546715222.59,756,165417,1.52753925246,23,64.0,0.5,6,1093569.98112,65535,9,9,nan
180,1546715402.64,122,16449,3.56668332541,16,64.0,0.5,4,10945.5259227,65535,1,1,nan
180,1546715583.64,55,10617,10.0091956113,8,64.0,0.5,4,73.3423742284,65535,2,2,nan
180,1546715763.64,21,1505,14.7929268518,4,64.0,1.0,1,35.1529127911,2117,0,0,nan
180,1546715943.64,579,164416,2.17586905702,11,64.0,0.333333333333,3,1977184.61775,65535,7,8,nan
180,1546716123.66,83,22365,6.02626588182,12,64.0,0.5,4,86.8934653279,65535,2,2,nan
180,1546716306.88,88,19449,6.18419835323,11,64.0,0.4,5,11447.9362971,65535,5,7,60.0
180,1546716486.88,43,5791,11.3822558234,7,64.0,0.5,4,33.1086857592,65535,2,2,60.0
180,1546716666.89,22,1405,14.0388577639,5,64.0,1.0,3,47.9523248088,853,0,0,nan
180,1546716847.49,56,15960,9.05689054806,6,64.0,0.5,4,115.871234278,65535,2,2,nan
180,1546717388.83,26,4220,11.7936440971,4,64.0,0.333333333333,3,21.1957751974,65535,1,1,nan
180,1546717750.71,63,15790,8.95072605343,8,64.0,0.5,4,1597891.89754,65535,2,2,nan
180,1546717930.95,14,913,29.9435459391,4,64.0,1.0,1,24.5242273866,811,0,0,nan
180,1546718111.1,34,7175,19.1574016288,4,64.0,0.5,2,73.0751857226,65535,2,2,nan
180,1546718294.39,67,11897,3.08324658256,7,64.0,0.666666666667,3,65.6468447941,65535,4,4,nan
180,1546718474.93,33768,2383043,0.236461736917,23,64.0,0.333333333333,3,12911533.6565,65535,20,21,nan
180,1546718654.98,27642,1940639,0.186627227034,20,64.0,0.333333333333,3,601870.448772,65535,9,9,nan
180,1546718836.21,28061,2029917,0.330110402543,34,64.0,0.5,4,782536.557104,65535,20,21,nan
180,1546719016.21,42529,2964228,0.176300844242,24,64.0,0.5,4,1082860.69301,65535,8,10,8.0
180,1546719196.42,21827,1517651,0.218444195372,31,64.0,0.6,5,319696.352492,65535,19,20,nan
180,1546719376.47,15442,1087519,0.424698261107,18,64.0,0.5,6,180641.999176,65535,6,7,60.0
180,1546719559.4,132,24776,4.32343899469,16,64.0,0.75,4,1399033.60436,65535,2,2,nan
180,1546719740.02,40,13293,25.7368831856,4,64.0,0.5,2,1028057.98746,65535,2,2,nan
180,1546719920.65,74,38419,7.54272091591,5,64.0,0.333333333333,3,6673.41664861,65535,1,1,nan
180,1546720101.62,39,14451,12.3019756526,5,64.0,0.5,4,979726.577262,65535,1,2,nan
180,1546720281.7,357,339383,3.32597448985,8,64.0,0.5,2,212.127062715,65535,9,9,nan
180,1546720461.71,40,12305,12.7837149073,6,64.0,0.5,2,26.8771356618,65535,0,0,nan
180,1546720641.75,159,16166,4.90887679,6,64.0,0.75,4,195.449422744,65535,3,3,123.0
180,1546720825.32,56,15442,3.36008810288,7,64.0,0.5,4,990306.505766,65535,1,2,nan
180,1546721006.35,36,6596,3.21382390396,3,64.0,0.5,2,103.618131974,65535,1,1,nan
180,1546721187.06,36,11745,14.2065009789,5,64.0,0.666666666667,3,24.9372147857,65535,2,2,nan
180,1546721547.7,29,4855,17.2753655195,4,64.0,0.666666666667,3,36.8018840809,65535,2,2,nan
180,1546721907.7,39,12104,8.34639970474,5,64.0,0.5,2,88.3412858049,65535,1,1,nan
180,1546722087.78,33,4152,1.58925418972,5,64.0,0.75,4,175.278338552,65535,1,1,nan
180,1546722630.35,69,37645,2.86596435656,6,64.0,0.666666666667,3,620846.55388,65535,2,2,nan
180,1546722991.0,26,6690,13.1615600511,4,64.0,0.5,2,93.0198344536,65535,1,1,nan
180,1546723171.44,31,10591,7.63767504703,4,64.0,0.666666666667,3,32.8538692756,65535,1,1,nan
180,1546723351.44,41,8122,9.08211237305,3,64.0,0.5,2,148.968243845,65535,2,2,nan
180,1546723532.16,41,7134,11.1949138825,6,64.0,0.5,2,48.3450051956,65535,2,2,nan
180,1546723712.52,65,19604,12.1116541166,6,64.0,0.5,4,1830186.51943,65535,2,3,nan
180,1546723892.7,53,12702,5.05858887861,8,64.0,0.666666666667,3,82.8532285999,65535,3,3,nan
180,1546724073.15,36,4007,11.2906959412,6,64.0,0.5,2,61.6826594364,65535,1,1,nan
180,1546724613.54,201,35053,3.86133220145,12,64.0,0.5,2,1575912.61127,65535,10,12,nan
180,1546724793.59,53,6526,6.78487955372,7,64.0,0.5,2,164.531180313,65535,1,2,nan
180,1546724973.59,22,5388,0.0777577556045,3,64.0,0.666666666667,3,4.7056916058,65535,1,1,nan
180,1546725154.1,22,4057,11.6217097094,3,64.0,0.5,2,17.1881015106,65535,1,1,nan
180,1546725514.79,29,7738,3.78342210749,3,64.0,0.666666666667,3,141.144070623,65535,1,1,nan
180,1546725695.38,26,4783,8.09899488724,3,64.0,0.5,2,39.6824900681,65535,1,1,nan
180,1546725877.21,10,1143,40.7246010635,2,64.0,1.0,2,1.96401949642,1123,0,0,nan
180,1546726238.31,514,88681,2.01326408281,14,64.0,0.5,4,1598.17013825,65535,10,10,60.0
180,1546726418.31,20,1213,12.4870082867,7,64.0,1.0,3,31.0350264497,4261,0,0,nan
180,1546726598.34,49,3327,8.23737643349,8,64.0,1.0,2,211.252555652,4261,0,0,nan
180,1546726778.34,21,3364,16.1398904743,5,64.0,0.666666666667,3,28.355728893,65535,1,1,nan
180,1546727139.09,29,10392,15.1249851337,3,64.0,0.5,2,402690.439423,65535,1,1,nan
180,1546727681.32,65,19399,5.94992700614,6,64.0,0.5,4,48.0644845889,65535,2,2,nan
180,1546728042.04,42,6631,15.3038603384,6,64.0,0.666666666667,3,79.5616834866,65535,2,2,nan
180,1546728582.52,15,2488,1.0818296193,3,64.0,0.666666666667,3,16.2757233864,65535,1,1,nan
180,1546728762.53,20,2874,11.0531059413,3,64.0,0.5,2,63.5210657426,65535,1,1,nan
180,1546728942.55,25,3900,0.746335928515,3,64.0,0.5,2,2.57703611476,65535,2,2,nan
180,1546729122.98,17,1129,17.8349310768,4,64.0,1.0,2,40.1159989306,1186,0,0,nan
180,1546729484.66,17,3724,1.19649324753,2,64.0,0.5,2,10.1879720689,65535,1,1,nan
180,1546729664.81,35,12869,8.22281877024,3,64.0,0.666666666667,3,21.5963974262,65535,1,1,nan
180,1546729846.45,24,4519,9.66543913228,4,64.0,0.5,2,66.9925766018,65535,1,1,nan
180,1546730206.55,13,1351,19.7422272701,2,64.0,1.0,2,3.552379376,1249,0,0,nan
180,1546730566.58,17,3122,1.13354350247,2,64.0,0.5,2,25.6396116334,65535,1,1,nan
180,1546731286.92,15,2970,20.8031736875,3,64.0,0.666666666667,3,7.06837432879,65535,1,1,nan
180,1546731647.1,18,3536,0.786292454231,3,64.0,0.5,2,62.4096903561,65535,1,1,nan
180,1546731827.1,26,3353,14.769348154,5,64.0,0.666666666667,3,41.8039891364,65535,1,1,nan
180,1546732367.7,43,8121,11.0055241188,5,64.0,0.666666666667,3,46195.4577293,65535,3,3,nan
180,1546732547.75,26,4210,7.3079478903,4,64.0,0.5,2,3950.12940444,65535,1,1,nan
180,1546732908.9,96,10926,2.17034753149,6,64.0,0.666666666667,3,39.8988805337,65535,5,5,nan
180,1546733090.74,28,3486,8.04896025163,5,64.0,0.5,2,39546.4546752,65535,1,1,nan
180,1546733270.94,29,7646,9.24939859898,3,64.0,0.5,2,52.5927140824,65535,1,1,nan
180,1546733450.94,174,36924,5.43008104147,12,64.0,0.6,5,31610.2368247,65535,7,7,60.0
180,1546733631.14,25,1638,13.2743074004,5,64.0,1.0,2,89.2115632641,870,0,0,nan
180,1546733811.22,38,4596,10.5539354592,6,64.0,0.666666666667,3,143.039121364,65535,2,2,60.0
180,1546733991.3,51,15089,16.6542314319,4,64.0,0.75,4,110.15459084,65535,1,1,nan
180,1546734171.31,10,539,21.690483223,2,64.0,1.0,2,16.8309916314,1843,0,0,nan
180,1546734532.16,11,1287,7.52718539371,2,64.0,1.0,2,0.325444689989,1355,0,0,nan
180,1546734712.43,284,20443,0.230973155215,3,64.0,0.5,2,67.0489099269,65535,1,2,nan
180,1546734892.67,42,13052,7.96110026739,5,64.0,0.5,2,79.68101905,65535,2,2,nan
180,1546735433.8,27,11017,12.5535609779,3,64.0,0.5,2,62.7274732113,65535,0,0,nan
180,1546735976.25,16,3057,1.19563248511,2,64.0,0.5,2,10.720034433,65535,1,1,nan
180,1546736156.34,15,2570,1.05603439132,3,64.0,0.666666666667,3,13.524949,65535,1,1,nan
180,1546736697.19,76,12800,7.78333448904,6,64.0,0.5,4,71.1254953369,65535,3,3,nan
180,1546736877.2,30,3391,8.52291138729,5,64.0,0.5,2,45.2848167923,65535,1,1,nan
180,1546737057.2,65,26684,15.4312528374,4,64.0,0.5,2,13.8675477721,65535,2,5,nan
180,1546737417.22,26,1913,12.1775538787,2,64.0,1.0,1,32.1236760537,853,0,0,nan
180,1546737777.24,43,6261,0.971944593835,6,64.0,0.75,4,46.7544649484,65535,4,4,104.0
180,1546737957.28,16,1066,13.5376375345,2,64.0,1.0,2,17.884555254,769,0,0,nan
180,1546738137.28,17,1937,23.3202051438,2,64.0,0.5,2,48.4269298671,65535,1,2,nan
180,1546738497.31,508,205044,5.25009319124,13,64.0,0.333333333333,3,8059.49601821,65535,16,16,nan
180,1546738677.46,102,17035,3.59091676715,7,64.0,0.5,2,67.4998645826,65535,2,3,nan
180,1546738857.97,67,9580,6.62698110981,11,64.0,0.666666666667,3,207.363004667,65535,1,1,nan
180,1546739038.21,19,1396,27.8696039832,4,64.0,1.0,1,33.9306183585,769,0,0,nan
180,1546739399.07,40,6565,19.5824479326,5,64.0,0.666666666667,3,120352.26896,65535,2,2,nan
180,1546740122.14,88,14347,0.357251872563,4,64.0,0.5,2,3132009.263,65535,3,4,nan
180,1546740482.28,85,19540,4.12027702804,8,64.0,0.666666666667,3,210.284182932,65535,3,3,nan
180,1546740662.58,110,36472,3.27540521776,5,64.0,0.5,2,284.708724402,65535,0,0,nan
180,1546740843.77,78,21177,6.98876723949,11,64.0,0.5,4,48794.6971582,65535,1,1,nan
180,1546741024.36,30,11670,14.4670195224,4,64.0,0.5,2,3160.96565339,65535,0,0,nan
180,1546741204.42,43,15053,19.6650910579,6,64.0,0.4,5,912072.186111,65535,3,5,60.0
180,1546741384.59,22,3494,5.14780258949,4,64.0,0.333333333333,3,23.134166368,65535,1,1,nan
180,1546741566.29,11,703,17.5336821886,2,64.0,1.0,2,11.1931585081,895,0,0,nan
180,1546741746.73,23,11224,21.3497384353,3,64.0,0.5,2,33.0840240428,65535,0,0,nan
180,1546742467.46,13,2179,1.32779789966,2,64.0,0.5,2,10.5472852924,65535,1,1,nan
180,1546742828.74,25,11329,16.0298025388,2,64.0,0.5,2,6049.90547265,65535,0,0,nan
180,1546743189.17,16,2664,0.0300381635885,2,64.0,0.5,2,15.3078933131,65535,1,1,nan
180,1546743371.55,2512,3511185,0.343714617654,2,64.0,0.5,2,6079.25248561,65535,1,1,nan
180,1546743732.34,103,18369,0.551159190189,10,64.0,0.5,6,352.129291762,65535,6,6,82.0
180,1546743912.34,48,7439,5.18205173328,3,64.0,0.5,2,152.322536316,65535,1,1,nan
180,1546744092.35,25,2538,8.930092718,5,64.0,0.666666666667,3,30.6745377461,65535,1,1,nan
180,1546744273.0,47,15602,11.448074663,4,64.0,0.666666666667,3,56.0520955772,65535,2,2,nan
180,1546744454.78,20,1423,9.66020040727,2,64.0,1.0,1,993548.317306,790,0,0,nan
180,1546744635.0,21,11062,0.898713119264,2,64.0,0.5,2,13.457254389,65535,0,0,nan
180,1546744815.01,84,22705,7.18190990279,7,64.0,0.666666666667,3,162.18843197,65535,4,4,nan
180,1546745176.35,14,1452,41.7401599016,4,64.0,1.0,2,1.7173055905,1485,0,0,nan
180,1546746077.38,14,2038,1.23112409288,2,64.0,0.5,2,15.6282020543,65535,1,1,nan
180,1546746257.39,57,10206,9.85484237258,6,64.0,0.666666666667,3,337903.395581,65535,3,3,nan
180,1546746437.39,35,6178,15.1445256172,6,64.0,0.5,2,6.11652078452,65535,2,2,nan
180,1546746617.39,22,3409,13.1235001985,4,64.0,0.5,2,44.9796651872,65535,1,1,nan
180,1546747338.09,34,7732,13.2592333223,4,64.0,0.666666666667,3,29.4570786736,65535,2,2,nan
180,1546747518.14,43,10136,12.7492234127,4,64.0,0.5,2,3361.87008213,65535,2,2,nan
180,1546747698.51,13,879,10.3923454708,3,64.0,1.0,1,9.94120253746,790,0,0,nan
180,1546747879.66,10,892,45.1678031417,4,64.0,0.666666666667,3,11.217912453,65535,1,1,nan
180,1546748059.66,117,21614,13.5610253475,8,64.0,0.5,2,33.3936221604,65535,5,5,nan
180,1546748240.21,20,1477,12.1206286086,4,64.0,1.0,1,6.81189866064,1127,0,0,nan
180,1546748602.01,69,27346,7.48849808596,6,64.0,0.5,4,51.9662241408,65535,2,2,nan
180,1546748782.45,24,3713,11.5838066944,3,64.0,0.5,2,12.4109345684,65535,1,1,nan
180,1546748962.58,164,22554,5.39251114983,9,64.0,0.5,2,763101.034954,65535,7,8,nan
180,1546749142.58,37,4728,13.6268275001,8,64.0,0.666666666667,3,36.377649794,65535,1,2,nan
180,1546749322.83,21,2725,11.8474421947,3,64.0,0.5,2,46.3139805533,65535,1,1,nan
180,1546749503.06,21,3506,19.9728958824,3,64.0,0.666666666667,3,14.2289526579,65535,1,1,nan
180,1546750043.86,23,3261,10.4292042717,3,64.0,0.5,2,57.6886639874,65535,1,1,nan
180,1546750223.95,28,10310,11.9264090923,3,64.0,0.666666666667,3,33.7171929715,65535,1,1,nan
180,1546750404.84,47,7261,5.53655486739,5,64.0,0.333333333333,3,1452215.73611,65535,7,8,nan
180,1546750585.36,67,8788,1.02757245531,9,64.0,0.6,5,137708.963746,65535,7,7,89.3333333333
240,1546715222.59,776,166713,1.66135700761,24,64.0,0.5,6,1105665.45242,65535,9,9,nan
240,1546715462.61,144,23301,5.88149101983,17,64.0,0.6,5,254.531169706,65535,3,3,nan
240,1546715702.73,34,3974,12.0363857803,5,64.0,0.5,2,49.2904944629,65535,0,0,nan
240,1546715942.74,615,173740,2.93523429345,12,64.0,0.333333333333,3,2054722.88834,65535,8,10,nan
240,1546716182.74,96,19318,5.97250978394,15,64.0,0.5,6,172.665487513,65535,4,5,60.0
240,1546716423.27,82,18963,10.4172239244,10,64.0,0.4,5,11900.5086575,65535,3,4,60.0
240,1546716663.28,28,1760,13.062423627,6,64.0,1.0,3,84.8895528602,853,0,0,nan
240,1546716903.4,51,15647,6.87593267101,4,64.0,0.333333333333,3,95.3926843922,65535,2,2,nan
240,1546717385.63,26,4220,11.7936440971,4,64.0,0.333333333333,3,21.1957751974,65535,1,1,nan
240,1546717627.32,33,4780,8.32994373105,5,64.0,0.666666666667,3,23.6754489914,65535,2,2,nan
240,1546717867.36,44,11923,17.4780617392,5,64.0,0.5,2,1575196.54793,65535,0,0,nan
240,1546718107.38,34,7175,19.1574016288,4,64.0,0.5,2,73.0751857226,65535,2,2,nan
240,1546718347.72,27992,1949194,0.409431989529,21,64.0,0.5,4,11937923.065,65535,19,20,nan
240,1546718588.22,33485,2386385,0.232065995508,23,64.0,0.333333333333,3,1437088.84933,65535,13,14,nan
240,1546718828.3,42424,3009531,0.278661505627,37,64.0,0.5,4,1074666.42923,65535,20,21,nan
240,1546719068.3,38175,2667673,0.239836303673,27,64.0,0.6,5,950966.892044,65535,12,16,8.0
240,1546719309.26,27258,1921967,0.304366036034,31,64.0,0.5,6,349917.572884,65535,19,21,60.0
240,1546719549.85,151,28173,4.10357849425,17,64.0,0.75,4,1421269.92892,65535,3,3,nan
240,1546719794.85,57,29678,9.05608844535,5,64.0,0.333333333333,3,1032175.68656,65535,1,1,nan
240,1546720034.86,77,33088,9.78991645593,5,64.0,0.5,4,972349.405247,65535,2,3,nan
240,1546720276.15,379,350522,3.23724856008,9,64.0,0.333333333333,3,216.915622997,65535,9,9,nan
240,1546720516.34,175,17213,6.42892687938,10,64.0,0.75,4,240.274564332,65535,3,3,123.0
240,1546720760.06,59,15663,18.538617039,8,64.0,0.5,4,990331.126137,65535,1,2,nan
240,1546721000.35,40,6839,29.4210475788,4,64.0,0.666666666667,3,130.132287639,65535,1,1,nan
240,1546721241.01,42,12164,14.2906730907,4,64.0,0.5,2,20.046732497,65535,2,2,nan
240,1546721481.17,29,4855,17.2753655195,4,64.0,0.666666666667,3,36.8018840809,65535,2,2,nan
240,1546721721.41,27,11405,12.2576693068,5,64.0,0.5,2,25.9258802311,65535,0,0,nan
240,1546721961.65,20,2476,8.77604216505,5,64.0,0.5,2,50.7225530245,65535,1,1,nan
240,1546722201.67,42,4673,4.61615797437,6,64.0,0.75,4,199.594006463,65535,1,1,nan
240,1546722682.18,70,37687,2.87587472768,6,64.0,0.666666666667,3,620846.55388,65535,2,2,nan
240,1546722922.46,25,6577,7.71236446463,4,64.0,0.5,2,93.0198344536,65535,1,1,nan
240,1546723162.7,53,15048,16.9336235293,5,64.0,0.666666666667,3,161.796194363,65535,2,2,nan
240,1546723402.7,40,7064,20.5128524784,4,64.0,0.5,2,55.6373526615,65535,2,2,nan
240,1546723643.1,84,23344,13.4878414957,9,64.0,0.5,4,1828605.1822,65535,3,4,nan
240,1546723883.1,59,13038,18.432744242,9,64.0,0.666666666667,3,96.2187939947,65535,3,3,nan
240,1546724123.58,32,3779,9.46495740583,6,64.0,0.5,2,54.9447218602,65535,1,1,nan
240,1546724603.98,201,35053,3.86133220145,12,64.0,0.5,2,1575912.61127,65535,10,12,nan
240,1546724844.04,75,11914,6.24931283368,9,64.0,0.666666666667,3,268.122259963,65535,2,3,nan
240,1546725084.11,22,4057,11.6217097094,3,64.0,0.5,2,17.1881015106,65535,1,1,nan
240,1546725564.97,52,12322,24.7351842855,3,64.0,0.5,2,186.770946954,65535,2,2,nan
240,1546725805.0,10,1143,40.7246010635,2,64.0,1.0,2,1.96401949642,1123,0,0,nan
240,1546726285.0,527,89468,2.50494960589,15,64.0,0.6,5,1641.54922433,65535,10,10,60.0
240,1546726525.07,55,3640,16.791519042,8,64.0,1.0,2,232.834622151,4261,0,0,nan
240,1546726766.09,24,3636,30.9784447587,6,64.0,0.75,4,73.1986312503,65535,1,1,nan
240,1546727006.67,25,10145,35.6350680976,2,64.0,0.5,2,402091.193322,65535,1,1,nan
240,1546727487.07,23,11150,31.7195110362,3,64.0,0.666666666667,3,16.4267300001,65535,0,0,nan
240,1546727727.43,45,8450,5.55679065241,5,64.0,0.666666666667,3,35.3903867207,65535,2,2,nan
240,1546727967.59,46,6949,16.5436110321,7,64.0,0.666666666667,3,80.1057073518,65535,2,2,nan
240,1546728448.07,16,2601,11.1976085794,3,64.0,0.666666666667,3,16.2757233864,65535,1,1,nan
240,1546728688.23,20,2874,11.0531059413,3,64.0,0.5,2,63.5210657426,65535,1,1,nan
240,1546728928.47,31,4377,25.992192148,5,64.0,0.666666666667,3,20.0351873084,65535,2,2,nan
240,1546729168.57,11,652,20.5563678971,2,64.0,1.0,1,0.524956825984,790,0,0,nan
240,1546729408.66,17,3724,1.19649324753,2,64.0,0.5,2,10.1879720689,65535,1,1,nan
240,1546729649.51,35,12869,8.22281877024,3,64.0,0.666666666667,3,21.5963974262,65535,1,1,nan
240,1546729889.75,24,4519,9.66543913228,4,64.0,0.5,2,66.9925766018,65535,1,1,nan
240,1546730129.99,13,1351,19.7422272701,2,64.0,1.0,2,3.552379376,1249,0,0,nan
240,1546730610.48,20,3321,31.7803753817,3,64.0,0.666666666667,3,45.5148483104,65535,1,1,nan
240,1546731331.12,13,2882,41.9855332916,2,64.0,0.5,2,1.54378133958,65535,1,1,nan
240,1546731571.28,18,3536,0.786292454231,3,64.0,0.5,2,62.4096903561,65535,1,1,nan
240,1546731811.52,26,3353,14.769348154,5,64.0,0.666666666667,3,41.8039891364,65535,1,1,nan
240,1546732292.08,43,8121,11.0055241188,5,64.0,0.666666666667,3,46195.4577293,65535,3,3,nan
240,1546732532.11,32,4659,12.0745903457,5,64.0,0.5,2,3965.3451192,65535,1,1,nan
240,1546732772.12,99,11136,2.19019395172,7,64.0,0.666666666667,3,41.1156582848,65535,5,5,nan
240,1546733012.12,28,3486,8.04896025163,5,64.0,0.5,2,39546.4546752,65535,1,1,nan
240,1546733252.12,122,29109,5.07956878787,10,64.0,0.75,4,117.694785725,65535,7,7,60.0
240,1546733492.13,88,15954,9.9914877088,12,64.0,0.5,4,31932.7874049,65535,1,1,nan
240,1546733732.14,56,5741,11.069578142,8,64.0,0.666666666667,3,222.530143806,65535,2,2,60.0
240,1546733972.14,51,15089,16.6542314319,4,64.0,0.75,4,110.15459084,65535,1,1,nan
240,1546734212.15,10,539,21.690483223,2,64.0,1.0,2,16.8309916314,1843,0,0,nan
240,1546734452.15,11,1287,7.52718539371,2,64.0,1.0,2,0.325444689989,1355,0,0,nan
240,1546734692.15,316,32770,9.25051235368,5,64.0,0.5,2,145.055277022,65535,3,4,nan
240,1546734932.16,14,1037,33.0274056259,4,64.0,1.0,2,8.88411465498,6161,0,0,nan
240,1546735412.18,30,11218,14.9061483306,4,64.0,0.666666666667,3,80.2020907681,65535,0,0,nan
240,1546735892.19,16,3057,1.19563248511,2,64.0,0.5,2,10.720034433,65535,1,1,nan
240,1546736132.19,16,2683,42.3220618164,3,64.0,0.666666666667,3,13.524949,65535,1,1,nan
240,1546736612.19,79,13242,10.0013798346,6,64.0,0.4,5,71.1254953369,65535,3,3,nan
240,1546736852.2,34,3630,11.8046489086,5,64.0,0.5,2,63.5478223475,65535,1,1,nan
240,1546737092.2,64,26644,3.10246159219,4,64.0,0.666666666667,3,45.0409261848,65535,2,5,nan
240,1546737332.2,30,2215,22.8736451683,3,64.0,1.0,1,616032.430127,853,0,0,nan
240,1546737572.22,43,6261,0.971944593835,6,64.0,0.75,4,46.7544649484,65535,4,4,104.0
240,1546738052.22,24,2397,22.5435947279,4,64.0,0.666666666667,3,75.373850785,65535,1,2,nan
240,1546738292.23,18,3160,35.1334305216,3,64.0,0.666666666667,3,28.5567305692,65535,1,1,nan
240,1546738532.24,595,219120,1.79295647649,15,64.0,0.333333333333,3,8076.96198026,65535,17,18,nan
240,1546738772.24,51,6390,7.30542111443,9,64.0,1.0,2,204.226184572,65535,0,0,nan
240,1546739012.25,35,4586,21.343391626,6,64.0,0.5,2,74.4315172113,65535,1,1,nan
240,1546739492.25,37,6366,1.19047751943,4,64.0,0.5,2,116503.404304,65535,2,2,nan
240,1546740212.27,88,14347,0.357251872563,4,64.0,0.5,2,3132009.263,65535,3,4,nan
240,1546740452.27,85,19540,4.12027702804,8,64.0,0.666666666667,3,210.284182932,65535,3,3,nan
240,1546740692.29,147,48667,4.40939776575,7,64.0,0.5,2,458.39414082,65535,0,0,nan
240,1546740932.29,71,20652,9.85756594074,8,64.0,0.5,4,51939.2259012,65535,1,1,nan
240,1546741172.3,46,15290,20.7626927863,6,64.0,0.4,5,920477.053768,65535,3,5,60.0
240,1546741412.3,30,3960,26.5729307498,5,64.0,0.6,5,53.1274131195,65535,1,1,nan
240,1546741652.31,23,11224,21.3497384353,3,64.0,0.5,2,33.0840240428,65535,0,0,nan
240,1546742372.31,13,2179,1.32779789966,2,64.0,0.5,2,10.5472852924,65535,1,1,nan
240,1546742612.31,27,11433,21.937887517,4,64.0,0.666666666667,3,6444.13516641,65535,0,0,nan
240,1546743332.33,2529,3513962,3.08576632201,3,64.0,0.5,2,6109.38757614,65535,2,2,nan
240,1546743814.26,151,25808,4.3679993703,10,64.0,0.5,6,554.419474562,65535,6,7,82.0
240,1546744054.9,25,2538,8.930092718,5,64.0,0.666666666667,3,30.6745377461,65535,1,1,nan
240,1546744295.46,47,15602,11.448074663,4,64.0,0.666666666667,3,56.0520955772,65535,2,2,nan
240,1546744535.46,41,12485,21.5533100943,4,64.0,0.5,2,999961.056298,65535,0,0,nan
240,1546744775.59,84,22705,7.18190990279,7,64.0,0.666666666667,3,162.18843197,65535,4,4,nan
240,1546745015.86,12,801,15.4607976095,3,64.0,1.0,1,2.09430963017,1485,0,0,nan
240,1546745256.75,11,1287,30.4737081237,2,64.0,1.0,2,9.52277493751,769,0,0,nan
240,1546745977.37,14,2038,1.23112409288,2,64.0,0.5,2,15.6282020543,65535,1,1,nan
240,1546746217.38,68,12339,9.06180415168,7,64.0,0.666666666667,3,351001.534559,65535,4,4,nan
240,1546746457.39,28,4309,15.8537772786,6,64.0,0.5,2,2.81977422668,65535,1,1,nan
240,1546746697.39,25,3627,10.9841983658,5,64.0,0.666666666667,3,60.4668891347,65535,1,1,nan
240,1546747417.4,48,10236,11.3350403327,5,64.0,0.666666666667,3,32.7149451239,65535,3,3,nan
240,1546747657.42,39,8310,7.01673304253,5,64.0,0.5,2,3433.27854254,65535,1,1,nan
240,1546747897.43,124,22301,12.9658346951,9,64.0,0.666666666667,3,47.4541793203,65535,6,6,nan
240,1546748137.43,23,1682,20.3488456244,5,64.0,1.0,1,38.3953241782,1127,0,0,nan
240,1546748377.44,63,26947,0.382953674898,6,64.0,0.5,4,51.2497794532,65535,2,2,nan
240,1546748617.44,26,3873,28.5722251181,4,64.0,0.5,2,12.1751264497,65535,1,1,nan
240,1546748857.44,163,21799,6.62180855821,9,64.0,0.5,2,775106.137689,65535,7,8,nan
240,1546749097.45,42,5722,13.3838105811,10,64.0,0.666666666667,3,52.7827726324,65535,1,2,nan
240,1546749337.45,35,5262,24.1945847865,3,64.0,0.5,2,91.2534656005,65535,1,2,nan
240,1546749817.46,11,740,2.90366069204,2,64.0,1.0,1,1078335.77999,769,0,0,nan
240,1546750057.46,42,12986,14.2236384041,5,64.0,0.666666666667,3,113.175190743,65535,2,2,nan
240,1546750297.47,54,7738,19.6557569174,6,64.0,0.333333333333,3,1913196.04187,65535,7,8,nan
240,1546750537.47,67,8788,1.02757245531,9,64.0,0.6,5,137708.963746,65535,7,7,89.3333333333
300,1546715222.59,835,175438,1.88314000466,25,64.0,0.5,6,1105698.3633,65535,10,10,nan
300,1546715523.52,110,17921,8.89295296941,11,64.0,0.5,4,239.077154654,65535,2,2,nan
300,1546715823.52,588,165045,3.7566189217,12,64.0,0.333333333333,3,2054557.02527,65535,7,8,nan
300,1546716123.66,132,28642,5.97729909518,15,64.0,0.5,6,190.512712226,65535,5,7,60.0
300,1546716425.06,89,19400,10.8230187158,10,64.0,0.4,5,12205.5479961,65535,3,4,60.0
300,1546716725.07,71,16928,9.53879823444,8,64.0,0.6,5,207.277189337,65535,2,2,nan
300,1546717325.92,26,4220,11.7936440971,4,64.0,0.333333333333,3,21.1957751974,65535,1,1,nan
300,1546717627.32,63,15790,8.95072605343,8,64.0,0.5,4,1597891.89754,65535,2,2,nan
300,1546717927.38,32,4298,21.8623400394,6,64.0,0.5,2,89.0392556808,65535,1,1,nan
300,1546718228.5,17766,1245824,0.944120401166,14,64.0,0.5,4,1300412.90702,65535,11,11,nan
300,1546718528.5,43727,3093545,0.253591277865,25,64.0,0.333333333333,3,12196732.57,65535,23,24,nan
300,1546718828.58,70432,4925806,0.218059698295,41,64.0,0.5,4,1869536.42359,65535,24,26,nan
300,1546719130.55,37360,2652826,0.216674389339,38,64.0,0.5,6,507975.960448,65535,25,30,42.6666666667
300,1546719430.58,195,45144,4.59290927284,17,64.0,0.6,5,1484081.03686,65535,3,4,nan
300,1546719734.96,78,33246,19.8576119906,6,64.0,0.333333333333,3,1098558.04307,65535,2,2,nan
300,1546720035.34,129,41217,9.21306425308,8,64.0,0.5,4,1045583.63102,65535,5,6,nan
300,1546720335.77,347,343703,5.34507053336,9,64.0,0.333333333333,3,185.048849933,65535,6,6,nan
300,1546720636.1,175,17205,11.6463644702,8,64.0,0.75,4,301.389610408,65535,3,3,123.0
300,1546720936.46,78,21158,21.2342425238,8,64.0,0.6,5,978809.161773,65535,2,3,nan
300,1546721237.94,43,12206,15.6967091074,4,64.0,0.5,2,20.046732497,65535,2,2,nan
300,1546721538.1,29,4855,17.2753655195,4,64.0,0.666666666667,3,36.8018840809,65535,2,2,nan
300,1546721838.7,47,13881,11.7196328865,7,64.0,0.333333333333,3,114.262620786,65535,1,1,nan
300,1546722138.71,42,4673,4.61615797437,6,64.0,0.75,4,199.594006463,65535,1,1,nan
300,1546722739.58,74,37915,24.4979422687,6,64.0,0.666666666667,3,746671.938342,65535,2,2,nan
300,1546723040.0,43,16293,20.7919580825,6,64.0,0.666666666667,3,122.039312504,65535,2,2,nan
300,1546723340.38,71,12168,16.8223996333,7,64.0,0.666666666667,3,186.881466559,65535,3,3,nan
300,1546723640.54,137,36046,10.7478650807,12,64.0,0.5,4,1930948.6773,65535,6,7,nan
300,1546723940.76,38,4115,24.4282507385,7,64.0,0.5,2,115.866465594,65535,1,1,nan
300,1546724542.88,204,35258,6.57163305904,13,64.0,0.5,2,1577789.45735,65535,10,12,nan
300,1546724842.91,75,11914,6.24931283368,9,64.0,0.666666666667,3,268.122259963,65535,2,3,nan
300,1546725143.28,22,4057,11.6217097094,3,64.0,0.5,2,17.1881015106,65535,1,1,nan
300,1546725443.28,32,7943,13.1436881643,4,64.0,0.666666666667,3,164.7660638,65535,1,1,nan
300,1546725743.3,36,5926,27.4343937256,4,64.0,0.666666666667,3,50.0638124333,65535,1,1,nan
300,1546726043.3,160,31746,10.7767851879,3,64.0,0.5,2,1349.65934031,65535,0,0,nan
300,1546726343.3,375,58261,3.34695801221,14,64.0,0.75,4,289.088396985,65535,10,10,60.0
300,1546726643.32,70,6691,11.175821122,10,64.0,0.666666666667,3,338.076475518,65535,1,1,nan
300,1546726943.32,24,10067,34.5334674321,3,64.0,0.666666666667,3,402085.265777,65535,1,1,nan
300,1546727543.78,68,19600,19.222124869,6,64.0,0.5,4,57.7056391051,65535,2,2,nan
300,1546727843.79,44,6786,11.2689265807,6,64.0,0.666666666667,3,71.3583462686,65535,2,2,nan
300,1546728444.32,16,2601,11.1976085794,3,64.0,0.666666666667,3,16.2757233864,65535,1,1,nan
300,1546728745.08,45,6774,11.8697783466,5,64.0,0.5,2,66.7816617017,65535,3,3,nan
300,1546729045.73,17,1129,17.8349310768,4,64.0,1.0,2,40.1159989306,1186,0,0,nan
300,1546729346.9,17,3724,1.19649324753,2,64.0,0.5,2,10.1879720689,65535,1,1,nan
300,1546729647.06,35,12869,8.22281877024,3,64.0,0.666666666667,3,21.5963974262,65535,1,1,nan
300,1546729948.43,30,5410,36.4924945676,5,64.0,0.666666666667,3,80.3528954521,65535,1,1,nan
300,1546730549.54,20,3321,31.7803753817,3,64.0,0.666666666667,3,45.5148483104,65535,1,1,nan
300,1546731150.81,15,2970,20.8031736875,3,64.0,0.666666666667,3,7.06837432879,65535,1,1,nan
300,1546731450.81,19,3649,18.5639382329,3,64.0,0.5,2,62.4096903561,65535,1,1,nan
300,1546731751.45,26,3353,14.769348154,5,64.0,0.666666666667,3,41.8039891364,65535,1,1,nan
300,1546732352.11,46,8271,25.5527309548,5,64.0,0.666666666667,3,46537.9743606,65535,3,3,nan
300,1546732652.11,128,15645,13.4657995982,10,64.0,0.666666666667,3,3948.39134547,65535,6,6,nan
300,1546732952.13,28,3486,8.04896025163,5,64.0,0.5,2,39546.4546752,65535,1,1,nan
300,1546733253.2,168,37305,5.24353368341,12,64.0,0.6,5,163.200665582,65535,7,7,60.0
300,1546733553.3,65,9233,10.5685071986,9,64.0,0.666666666667,3,31323.4824207,65535,1,1,nan
300,1546733853.51,81,19205,9.92865465635,8,64.0,0.75,4,226.012186519,65535,3,3,60.0
300,1546734153.59,13,689,22.648810621,2,64.0,1.0,2,18.2600058476,1843,0,0,nan
300,1546734454.32,295,21730,8.8954113479,5,64.0,0.666666666667,3,68.7670001446,65535,1,2,nan
300,1546734754.99,42,13052,7.96110026739,5,64.0,0.5,2,79.68101905,65535,2,2,nan
300,1546735357.17,30,11218,14.9061483306,4,64.0,0.666666666667,3,80.2020907681,65535,0,0,nan
300,1546735957.38,31,5627,31.1495372343,4,64.0,0.666666666667,3,31.9072357778,65535,2,2,nan
300,1546736558.35,79,13242,10.0013798346,6,64.0,0.4,5,71.1254953369,65535,3,3,nan
300,1546736858.38,34,3630,11.8046489086,5,64.0,0.5,2,63.5478223475,65535,1,1,nan
300,1546737160.21,68,26946,11.2160726269,5,64.0,0.666666666667,3,461394.700694,65535,2,5,nan
300,1546737460.21,26,1913,12.1775538787,2,64.0,1.0,1,32.1236760537,853,0,0,nan
300,1546737760.21,52,6867,33.2530088501,6,64.0,0.75,4,56.7690776629,65535,4,4,104.0
300,1546738060.26,27,2598,25.8564549595,5,64.0,0.75,4,85.6896942161,65535,1,2,nan
300,1546738360.7,504,204757,5.27088438804,13,64.0,0.333333333333,3,8058.46463347,65535,16,16,nan
300,1546738660.72,146,22975,9.04360934341,12,64.0,0.666666666667,3,261.702685869,65535,2,3,nan
300,1546738960.72,49,5509,19.6971532054,6,64.0,0.5,2,107.88392657,65535,1,1,nan
300,1546739261.09,41,6678,20.3053559997,5,64.0,0.666666666667,3,120352.26896,65535,2,2,nan
300,1546740161.91,88,14347,0.357251872563,4,64.0,0.5,2,3132009.263,65535,3,4,nan
300,1546740462.28,89,19768,14.3870972162,8,64.0,0.666666666667,3,210.309121554,65535,3,3,nan
300,1546740762.29,206,68502,4.87403599602,12,64.0,0.5,4,52526.6308697,65535,1,1,nan
300,1546741064.59,51,15642,20.2155476138,7,64.0,0.4,5,912555.474939,65535,3,5,60.0
300,1546741365.77,33,4197,25.3763369476,6,64.0,0.6,5,56.3127202175,65535,1,1,nan
300,1546741666.31,29,11623,21.6794433293,3,64.0,0.5,2,65.3388446951,65535,0,0,nan
300,1546742567.32,40,13612,20.5660643547,6,64.0,0.5,4,6674.79913248,65535,1,1,nan
300,1546743167.33,2536,3514904,3.63612308497,4,64.0,0.666666666667,3,6227.34557952,65535,2,2,nan
300,1546743767.33,151,25808,4.3679993703,10,64.0,0.5,6,554.419474562,65535,6,7,82.0
300,1546744067.35,56,14794,21.4799141574,7,64.0,0.75,4,71.2130077994,65535,2,2,nan
300,1546744367.35,36,4769,26.2268659119,4,64.0,0.5,2,1023672.4657,65535,1,1,nan
300,1546744667.49,105,33767,8.63331695333,8,64.0,0.5,4,181.015025366,65535,4,4,nan
300,1546744969.8,12,801,15.4607976095,3,64.0,1.0,1,2.09430963017,1485,0,0,nan
300,1546745270.55,11,1287,30.4737081237,2,64.0,1.0,2,9.52277493751,769,0,0,nan
300,1546745870.98,18,2350,34.3945844168,3,64.0,0.666666666667,3,24.5042961003,65535,1,1,nan
300,1546746170.99,68,12339,9.06180415168,7,64.0,0.666666666667,3,351001.534559,65535,4,4,nan
300,1546746471.4,31,4482,17.9315934743,6,64.0,0.5,2,15.1670682092,65535,1,1,nan
300,1546746771.49,22,3454,11.1288490698,4,64.0,0.666666666667,3,35.0278292193,65535,1,1,nan
300,1546747372.4,73,17628,15.4038485996,7,64.0,0.666666666667,3,3482.91776188,65535,4,4,nan
300,1546747672.42,21,1371,29.9310240099,4,64.0,1.0,1,59.4130158647,891,0,0,nan
300,1546747972.42,123,22254,13.2258804002,9,64.0,0.666666666667,3,51.5484690068,65535,6,6,nan
300,1546748272.42,20,1477,12.1206286086,4,64.0,1.0,1,6.81189866064,1127,0,0,nan
300,1546748572.44,89,30820,16.8127431806,7,64.0,0.5,4,64.8832946422,65535,3,3,nan
300,1546748872.44,171,22994,6.96516684987,11,64.0,0.666666666667,3,780651.206791,65535,7,8,nan
300,1546749172.44,55,7252,15.213882262,8,64.0,0.5,2,115.072783283,65535,1,3,nan
300,1546749472.46,21,3506,19.9728958824,3,64.0,0.666666666667,3,14.2289526579,65535,1,1,nan
300,1546749772.46,12,806,4.26177984064,2,64.0,1.0,1,1117351.93307,769,0,0,nan
300,1546750072.46,48,13397,14.9159352073,5,64.0,0.666666666667,3,108.942702741,65535,2,2,nan
300,1546750372.48,114,16049,7.92639126946,11,64.0,0.6,5,1767282.4739,65535,8,15,89.3333333333
600,1546715222.59,945,193359,3.58899005217,26,64.0,0.5,6,1106231.89611,65535,11,12,nan
600,1546715822.6,720,193687,4.5172870386,16,64.0,0.5,6,2131099.01674,65535,10,15,60.0
600,1546716422.65,154,35843,11.0663881336,12,64.0,0.5,6,13363.5949182,65535,4,6,60.0
600,1546717023.74,40,5269,42.1985620576,5,64.0,0.5,4,34.7911788995,65535,1,1,nan
600,1546717624.34,95,20088,14.773168837,9,64.0,0.5,4,1723473.42555,65535,2,3,nan
600,1546718224.42,61493,4339369,0.55245893488,32,64.0,0.5,4,13543974.4982,65535,31,35,nan
600,1546718825.28,107784,7570848,0.231283445502,60,64.0,0.5,6,2395369.54042,65535,42,56,42.6666666667
600,1546719427.14,273,77940,11.3024904044,20,64.0,0.6,5,2579340.29912,65535,4,6,nan
600,1546720027.51,483,393088,6.59207546799,10,64.0,0.5,4,1055104.77952,65535,10,12,nan
600,1546720627.61,252,38270,10.1495312045,11,64.0,0.6,5,1022081.52003,65535,5,6,123.0
600,1546721227.87,74,17220,23.1094911796,7,64.0,0.666666666667,3,92.2975469643,65535,4,4,nan
600,1546721829.51,89,18554,22.5178058931,11,64.0,0.6,5,319.890514083,65535,2,2,nan
600,1546722439.58,75,38028,31.6983991064,6,64.0,0.666666666667,3,746671.938342,65535,2,2,nan
600,1546723040.0,114,28461,18.4149232735,9,64.0,0.666666666667,3,316.77878013,65535,5,5,nan
600,1546723640.13,175,40161,15.0465227328,13,64.0,0.5,4,1941570.92652,65535,7,8,nan
600,1546724242.16,208,35572,11.1526936736,14,64.0,0.666666666667,3,1580939.85925,65535,10,12,nan
600,1546724842.19,97,15971,19.667186526,9,64.0,0.666666666667,3,296.592238002,65535,2,4,nan
600,1546725442.5,67,13827,30.1565157267,5,64.0,0.666666666667,3,220.033688438,65535,2,2,nan
600,1546726042.54,536,90049,8.49981034375,15,64.0,0.6,5,1644.45529508,65535,10,10,60.0
600,1546726642.57,94,16758,24.0520249371,12,64.0,0.75,4,405086.097086,65535,2,2,nan
600,1546727242.57,77,20239,28.5799457324,8,64.0,0.5,4,77.6106072493,65535,2,2,nan
600,1546727842.73,52,7316,18.6228954884,7,64.0,0.666666666667,3,85.7356243084,65535,2,2,nan
600,1546728442.74,61,9375,32.0002243149,6,64.0,0.666666666667,3,98.0932318921,65535,4,4,nan
600,1546729042.8,34,4853,46.8059810356,6,64.0,0.666666666667,3,62.0065558701,65535,1,1,nan
600,1546729643.08,65,18279,34.1837729546,5,64.0,0.666666666667,3,107.632264633,65535,2,2,nan
600,1546730243.31,27,3781,56.0763578239,4,64.0,0.666666666667,3,61.2303712829,65535,1,1,nan
600,1546730843.36,19,3288,82.0492691266,4,64.0,0.666666666667,3,28.4369023371,65535,1,1,nan
600,1546731443.36,45,7002,34.9286521209,6,64.0,0.666666666667,3,412.820715157,65535,2,2,nan
600,1546732043.91,47,8384,39.6552456198,5,64.0,0.666666666667,3,46537.9743606,65535,3,3,nan
600,1546732646.42,156,19131,22.7762233056,11,64.0,0.666666666667,3,55705.2390969,65535,7,7,nan
600,1546733246.42,230,46316,8.02756575654,14,64.0,0.6,5,32431.5251891,65535,8,8,60.0
600,1546733847.15,97,20116,17.3594602168,8,64.0,0.75,4,260.781844593,65535,3,3,60.0
600,1546734447.15,337,34782,12.4998625706,7,64.0,0.666666666667,3,154.797684509,65535,3,4,nan
600,1546735047.17,33,11488,60.4820904729,4,64.0,0.666666666667,3,106.088767852,65535,0,0,nan
600,1546735647.18,33,5782,54.6443393142,4,64.0,0.666666666667,3,31.9072357778,65535,2,2,nan
600,1546736247.45,88,13877,19.2193388634,8,64.0,0.4,5,153.928518675,65535,3,3,nan
600,1546736847.53,102,30576,16.5801397375,9,64.0,0.666666666667,3,1169175.08658,65535,3,6,nan
600,1546737447.53,76,8696,37.928829003,8,64.0,0.75,4,153.727672019,65535,4,4,104.0
600,1546738047.54,323,167421,13.4489829049,13,64.0,0.6,5,7855.65931394,65535,9,10,nan
600,1546738647.6,402,68316,8.58414055195,16,64.0,0.666666666667,3,498.908715213,65535,11,12,nan
600,1546739247.76,47,7050,40.3271295869,6,64.0,0.666666666667,3,120833.315947,65535,2,2,nan
600,1546739848.0,95,14866,21.7244378196,6,64.0,0.666666666667,3,3138378.41521,65535,3,4,nan
600,1546740448.02,294,88204,9.07039543466,15,64.0,0.5,4,53164.9140228,65535,4,4,nan
600,1546741048.74,85,19905,23.5527631185,9,64.0,0.5,6,946235.700257,65535,4,6,60.0
600,1546741651.5,32,11824,37.2345144926,4,64.0,0.666666666667,3,75.8436059485,65535,0,0,nan
600,1546742252.32,41,13725,40.9407024425,6,64.0,0.5,4,6674.79913248,65535,1,1,nan
600,1546742852.32,2542,3515350,5.68182978395,5,64.0,0.666666666667,3,6230.36795931,65535,2,2,nan
600,1546743452.34,156,26137,18.0941402644,11,64.0,0.5,6,574.762421317,65535,6,7,82.0
600,1546744052.35,92,19563,24.5647906019,8,64.0,0.75,4,1061105.75984,65535,2,3,nan
600,1546744652.35,117,34568,18.8861586166,8,64.0,0.5,4,222.588934783,65535,4,4,nan
600,1546745252.37,11,1287,30.4737081237,2,64.0,1.0,2,9.52277493751,769,0,0,nan
600,1546745852.37,86,14689,26.4310313126,8,64.0,0.666666666667,3,357305.804383,65535,5,5,nan
600,1546746452.39,53,7936,15.6152630629,8,64.0,0.666666666667,3,64.8896750911,65535,2,2,nan
600,1546747052.4,55,10755,24.459958139,6,64.0,0.666666666667,3,66.8741599598,65535,3,3,nan
600,1546747652.42,166,30816,19.292420821,13,64.0,0.666666666667,3,3548.80941957,65535,7,7,nan
600,1546748252.43,108,32255,27.8367957665,11,64.0,0.5,4,119.548795807,65535,3,3,nan
600,1546748852.44,227,30288,10.3564586501,11,64.0,0.666666666667,3,801676.374937,65535,7,11,nan
600,1546749452.46,31,4204,66.2247159472,5,64.0,0.666666666667,3,1226474.16236,65535,1,1,nan
600,1546750052.47,164,29554,15.2981992643,14,64.0,0.6,5,14046622.0481,65535,9,17,89.3333333333
1200,1546715222.59,1665,387046,4.08637390555,36,64.0,0.5,6,3256288.85633,65535,18,27,60.0
1200,1546716422.65,194,41112,21.7837078767,12,64.0,0.5,6,13942.6103358,65535,4,7,60.0
1200,1546717624.34,61588,4359457,0.931245268898,36,64.0,0.5,4,15306258.5417,65535,33,38,nan
1200,1546718825.28,108057,7648788,0.621407227511,62,64.0,0.5,6,5034413.26897,65535,42,62,42.6666666667
1200,1546720027.51,735,431358,7.99065469829,15,64.0,0.6,5,2102108.51242,65535,13,18,123.0
1200,1546721227.87,163,35774,25.3927664116,14,64.0,0.6,5,432.612050733,65535,5,6,nan
1200,1546722428.7,189,66489,24.5144936957,11,64.0,0.666666666667,3,770333.029733,65535,7,7,nan
1200,1546723628.76,383,75733,14.7967270974,22,64.0,0.5,4,3528886.7354,65535,15,20,nan
1200,1546724828.83,162,29654,28.4559333556,11,64.0,0.666666666667,3,548.729030519,65535,3,6,nan
1200,1546726028.86,632,106951,13.007577459,18,64.0,0.6,5,415097.522257,65535,11,12,60.0
1200,1546727228.86,129,27555,28.2795229353,10,64.0,0.5,4,191.706391485,65535,3,4,nan
1200,1546728429.06,95,14228,40.2375902976,7,64.0,0.666666666667,3,194.684593077,65535,4,5,nan
1200,1546729632.06,92,22060,41.8576625778,6,64.0,0.666666666667,3,179.542357214,65535,3,3,nan
1200,1546730832.06,64,10290,55.9567568579,6,64.0,0.666666666667,3,465.146686627,65535,3,3,nan
1200,1546732032.11,200,27271,27.9125377902,11,64.0,0.666666666667,3,51625.3080571,65535,9,10,nan
1200,1546733232.13,330,66676,13.6798958721,18,64.0,0.6,5,82813.9702975,65535,10,11,60.0
1200,1546734432.15,368,46111,22.5036495735,8,64.0,0.5,4,255.001634855,65535,3,4,nan
1200,1546735632.18,122,19776,36.0077426925,9,64.0,0.4,5,211.607389471,65535,4,5,nan
1200,1546736832.2,172,38792,24.8391467698,12,64.0,0.75,4,1266919.56632,65535,6,10,104.0
1200,1546738032.23,732,236259,10.9628834211,21,64.0,0.6,5,8594.81259272,65535,20,22,nan
1200,1546739232.26,142,21916,32.5967501215,9,64.0,0.666666666667,3,3265386.84378,65535,4,6,nan
1200,1546740432.27,375,107893,13.6138550171,17,64.0,0.5,6,1007421.07484,65535,8,10,60.0
1200,1546741632.31,58,14882,53.9291335537,7,64.0,0.6,5,151.687124162,65535,1,1,nan
1200,1546742832.32,2717,3552370,7.70107653266,12,64.0,0.5,6,18377.4229772,65535,7,9,82.0
1200,1546744032.33,209,54131,23.2942274825,13,64.0,0.6,5,1148112.8541,65535,5,7,nan
1200,1546745232.37,68,10083,58.3717595935,6,64.0,0.666666666667,3,81.5133280299,65535,3,3,nan
1200,1546746432.39,137,24584,33.6418626314,11,64.0,0.666666666667,3,359693.648965,65535,5,7,nan
1200,1546747632.41,272,62927,23.5900459298,18,64.0,0.5,4,4022.97349,65535,9,10,nan
1200,1546748832.45,251,34004,26.6431467185,12,64.0,0.666666666667,3,804743.497733,65535,7,12,nan
1200,1546750032.46,173,30186,14.9117805695,14,64.0,0.6,5,20156173.2065,65535,9,17,89.3333333333
