60,1546715222.59,232,34319,1.3756348534,16,71.8421052632,0.625,8,42.3009776675,65535,8,8,70.0
60,1546715282.72,34,2412,1.52797797859,11,83.4545454545,0.8,5,300.448512823,65535,0,0,nan
60,1546715463.38,39,5798,1.82353688132,4,64.0,0.75,4,11.8308274822,65535,3,3,70.0
60,1546715703.71,17,5151,0.780044035216,3,64.0,0.5,2,81.6514792115,65535,1,1,nan
60,1546715883.75,28,2942,0.526284652482,4,64.0,0.75,4,2.43532600685,65535,2,2,70.0
60,1546715943.75,58,8264,3.32627594556,9,82.5454545455,0.625,8,7282255.09183,65535,4,4,70.0
60,1546716003.78,469,71851,0.314515573948,21,66.735042735,0.571428571429,7,8773893.71645,65535,17,17,70.0
60,1546716125.08,26,3075,5.40519239071,4,64.0,0.75,4,325194.08148,65535,1,1,nan
60,1546716246.33,10,761,9.86033158811,4,64.0,1.0,2,50127.4426292,427,0,0,nan
60,1546716366.88,11,1781,0.991989602731,2,64.0,0.5,2,30.3824250298,65535,2,2,nan
60,1546716551.88,54,8115,2.51171206362,4,64.0,0.5,2,2436.5389503,65535,4,4,nan
60,1546716852.9,54,6418,0.440307590675,6,88.5384615385,0.5,4,1511.51280784,65535,1,1,nan
60,1546716913.7,62,13207,2.83633264335,7,82.7868852459,0.5,4,118.256584351,65535,3,3,nan
60,1546717033.82,62,12098,2.06150660829,5,84.1052631579,0.5,4,575.383432396,65535,1,1,nan
60,1546717094.84,25,2056,2.66983526339,4,118.571428571,0.666666666667,3,715.368406249,541,0,0,nan
60,1546717155.46,17,1591,4.83051321781,5,152.153846154,0.666666666667,3,406.668208996,395,0,0,nan
60,1546717216.02,36,3721,3.37927664536,8,90.2941176471,0.5,4,1086.814465,65535,1,1,nan
60,1546717952.65,95,47047,1.32745311507,7,64.0,0.5,2,4133656.92208,65535,4,4,nan
60,1546718195.02,43,4721,2.64599641331,8,83.2,0.5,4,70578.4937524,65535,2,2,nan
60,1546718317.43,102,28507,1.00376686633,9,81.0927835052,0.5,6,318.164829392,65535,4,4,nan
60,1546718377.51,54,7554,1.2590533407,9,66.4528301887,0.571428571429,7,664421.673267,65535,5,5,70.0
60,1546718558.99,26,4969,1.09556046446,5,64.0,1.0,2,675623.27673,65535,0,0,nan
60,1546718620.28,17,2214,2.15827775063,6,64.0,0.75,4,1618869.04995,65535,2,2,nan
60,1546718680.32,114,17250,1.92255015535,8,85.6607142857,0.5,4,2380.5808563,65535,3,3,nan
60,1546718743.09,16,1560,5.97816525159,2,140.4,0.5,2,810.960385275,351,0,0,nan
60,1546718803.12,23,1801,3.92800404822,4,69.9090909091,0.5,2,5203755.88183,385,0,0,nan
60,1546718983.23,258,27638,1.3458028744,12,64.0,0.75,4,33811735.7424,65535,9,9,70.0
60,1546719043.23,12,1667,1.17764532587,3,64.0,0.5,2,112.04901706,65535,1,1,nan
60,1546719103.23,11,2597,1.32809923317,2,64.0,0.5,2,0.126240500325,65535,1,1,nan
60,1546719284.3,23,3852,7.15489810131,5,64.0,0.5,2,591863.161689,65535,1,1,nan
60,1546719709.86,80,23388,0.200757565285,9,78.7435897436,0.4,5,472.847864857,65535,4,4,nan
60,1546719769.87,19,1733,1.55018228666,4,64.0,1.0,2,719358.067519,65535,0,0,nan
60,1546719829.94,18,1486,7.5879614017,2,64.0,1.0,1,4106751.84465,368,0,0,nan
60,1546719891.8,21,7086,1.17045059073,3,64.0,0.5,2,5070.02472427,65535,1,1,nan
60,1546719951.89,75,9529,3.66554279197,9,79.7534246575,0.6,5,38632245.4949,65535,3,3,nan
60,1546720014.27,55,5003,1.80717747509,7,115.576923077,0.666666666667,3,13746948.2209,395,0,0,nan
60,1546720074.38,28,2860,4.04644323822,4,109.84,0.75,4,943.248147097,65535,0,0,nan
60,1546720194.54,49,5257,2.83877183941,8,88.9130434783,0.5,4,1223.8142718,65535,1,1,nan
60,1546720257.44,18,1656,5.27495915635,5,140.4,0.5,2,731.56762338,395,0,0,nan
60,1546720318.51,62,8317,2.63190994476,6,83.1,0.5,4,1517.57050824,65535,7,7,nan
60,1546720381.7,39,4138,3.6847848485,5,107.657142857,0.5,2,325.020986681,385,0,0,nan
60,1546720441.86,94,18198,2.57676168858,8,76.3225806452,0.333333333333,3,26.7625234667,65535,7,7,nan
60,1546720501.92,22,1814,4.78433011565,5,127.666666667,0.666666666667,3,146.650016478,65535,0,0,nan
60,1546720562.26,97,15065,2.78953604103,7,75.9375,0.6,5,1982.71355528,65535,4,4,nan
60,1546720622.26,33,6773,4.98887537559,5,99.8125,0.333333333333,3,1.62145364471,65535,1,1,nan
60,1546720682.58,10,762,2.56648008732,6,96.0,0.333333333333,3,758690.920336,395,1,1,nan
60,1546720742.63,39,8156,2.59153308622,5,60.5,0.666666666667,3,253621.421498,65535,1,1,nan
60,1546720864.9,17,2057,5.68628523479,5,64.0,0.5,2,18683738.8723,65535,1,1,nan
60,1546721775.74,90,26132,0.500495530158,6,64.0,0.333333333333,3,678.944649404,65535,5,5,nan
60,1546722016.09,28,2513,6.55449601602,3,64.0,0.5,2,247954.532047,65535,1,1,nan
60,1546722196.25,49,6681,3.24000240377,6,107.404255319,0.5,4,415.549028539,65535,2,2,nan
60,1546722256.29,41,9315,3.36688837158,5,93.3846153846,0.5,4,195.70914557,65535,1,1,nan
60,1546722316.68,24,2626,3.97290759214,3,118.571428571,0.666666666667,3,528.114173948,65535,0,0,nan
60,1546722377.93,89,59921,2.43687042557,6,77.0227272727,0.333333333333,3,32.3478547638,65535,3,3,nan
60,1546722439.58,13,1292,5.90017082089,3,168.181818182,0.5,2,440.756914751,690,0,0,nan
60,1546722499.59,33,4847,2.48341046048,6,72.0,0.5,2,1413866.55371,65535,0,0,nan
60,1546722559.82,49,10661,4.48745403797,6,61.3191489362,0.5,2,643023.628282,65535,2,2,nan
60,1546722619.98,21,2103,1.12784120274,3,64.0,1.0,2,135620.046126,65535,0,0,nan
60,1546723404.55,40,4730,1.1296356635,3,64.0,0.5,2,153562.932524,65535,2,2,nan
60,1546723584.78,39,10382,0.88901179844,6,64.0,0.5,2,2507.48140159,65535,2,2,nan
60,1546723705.06,17,2090,8.43560001855,3,64.0,0.666666666667,3,8.62567824668,65535,2,2,nan
60,1546723885.74,57,8614,0.372421214324,5,64.0,0.5,2,197.827171346,65535,3,3,nan
60,1546724547.96,17,1556,1.87332493954,1,64.0,1.0,1,109287.610369,359,0,0,nan
60,1546724608.1,201,45554,0.450116928497,13,64.0,0.666666666667,3,2411.98947834,65535,10,11,nan
60,1546724668.11,20,1344,0.847469625135,6,64.0,1.0,2,3.64930478322,501,0,0,nan
60,1546724728.83,708,116902,0.294499656613,25,66.8936170213,0.5,6,7756.30190584,65535,14,18,nan
60,1546724788.85,210,68011,1.24008444524,10,69.5096153846,0.5,2,722.748814469,65535,0,0,nan
60,1546724848.91,40,5736,3.47636337339,6,94.972972973,0.5,4,6.56431234824,65535,1,1,nan
60,1546724908.98,52,7657,1.71198373647,6,88.9130434783,0.5,4,1341.29403952,65535,1,1,nan
60,1546724968.98,330,65878,0.779209665818,14,67.4832826748,0.333333333333,3,6513.18271441,65535,7,7,nan
60,1546725029.04,519,266575,0.722576459578,27,64.2829457364,0.333333333333,6,7720.0571015,65535,14,17,56.6
60,1546725089.07,103,14379,3.37856371989,9,61.48,0.666666666667,3,72.7739796687,65535,1,1,nan
60,1546725269.76,17,1148,8.28497027466,3,64.0,1.0,1,6.40976905888,416,0,0,nan
60,1546725329.86,95,16998,2.73374932773,10,64.0,0.5,2,3449.33882317,65535,6,6,nan
60,1546725390.11,193,32017,1.82338754057,12,64.0,0.6,5,2269.32595934,65535,11,12,70.0
60,1546725450.35,158,46169,0.362411069064,13,64.0,0.5,4,1151.47343948,65535,5,5,70.0
60,1546725571.62,35,3699,2.98640682949,7,64.0,0.333333333333,3,946.525108468,65535,1,1,nan
60,1546725631.63,23,2836,11.1601988433,3,64.0,1.0,1,962.454048739,65535,0,0,nan
60,1546725692.35,51,4113,2.64603010569,10,64.0,0.75,4,9290309.96053,65535,1,1,nan
60,1546725752.45,34,7067,1.52251186422,4,64.0,0.333333333333,3,199.237692961,351,2,2,nan
60,1546725813.03,21,1617,1.37085493619,6,64.0,1.0,2,1598.21825657,416,0,0,nan
60,1546725873.23,14,936,4.88126988771,3,64.0,1.0,2,0.770752352307,701,0,0,nan
60,1546725933.31,31,7149,2.5867452065,3,64.0,0.5,2,4.04483001162,65535,3,3,nan
60,1546725993.66,50,12988,4.96752044861,5,64.0,0.5,2,673070.543504,65535,3,3,nan
60,1546726174.43,36,4316,4.11624538935,5,64.0,0.666666666667,3,577799.493062,65535,4,4,nan
60,1546726234.56,12,768,1.43890452285,3,64.0,1.0,1,0.353788450943,385,0,0,nan
60,1546726716.27,21,5869,1.54471253713,2,64.0,0.333333333333,3,1.46566905529,65535,1,2,nan
60,1546726836.75,18,6451,1.04400389016,2,64.0,0.5,2,7.54012684169,65535,1,1,nan
60,1546727199.83,152,31719,0.933916802624,11,64.0,0.5,4,19094004.6086,65535,8,9,70.0
60,1546727441.13,11,738,2.94593636264,6,64.0,1.0,2,0.493789847017,1090,0,0,nan
60,1546727621.33,12,1762,0.10394635467,3,64.0,0.666666666667,3,240.377494628,65535,1,1,nan
60,1546727742.03,34,7490,3.56516701582,6,64.0,0.666666666667,3,659091.291213,65535,1,1,nan
60,1546727802.04,15,1119,2.05351152146,6,64.0,1.0,2,882577.320561,1090,0,0,nan
60,1546728644.7,17,6466,1.07835299725,2,64.0,0.5,2,0.913909097335,65535,1,1,nan
60,1546729125.88,19,2636,8.24403479138,1,64.0,1.0,1,6.37577525037,65535,0,0,nan
60,1546729306.74,73,52330,0.30785074618,4,64.0,0.5,2,8.63807591515,65535,3,3,nan
60,1546729487.06,22,4690,3.78558691137,4,64.0,0.666666666667,3,54900.7521287,65535,1,1,nan
60,1546729547.53,104,20532,1.87624897542,8,64.0,0.5,2,9302295.17129,65535,7,7,nan
60,1546729607.55,27,2692,5.93466801842,5,64.0,0.5,2,26.4114440997,65535,1,1,nan
60,1546729728.31,12,803,4.94587882367,3,64.0,1.0,1,0.453846637729,427,0,0,nan
60,1546729788.5,31,5861,0.710815879224,6,64.0,0.5,2,740.617443077,65535,2,2,nan
60,1546729848.67,36,6352,3.54236388047,7,64.0,0.5,2,3212.22523603,65535,1,1,nan
60,1546730029.13,84,12574,1.7067357685,6,64.0,0.5,2,1642.41474292,65535,6,7,nan
60,1546730089.29,22,1490,2.58356457978,5,64.0,1.0,1,522.397261731,413,0,0,nan
60,1546730149.46,14,1847,1.18907447157,2,64.0,0.5,2,1.0132148352,65535,1,1,nan
60,1546730209.62,57,6853,2.35206378104,5,64.0,0.666666666667,3,1442630.14745,65535,2,2,nan
60,1546730390.2,23,2732,1.17994225161,6,64.0,0.5,2,580.385205224,65535,1,1,nan
60,1546730450.34,38,9320,5.62428173513,5,64.0,0.5,2,46883.9917267,65535,2,2,nan
60,1546730510.54,11,1638,1.32379546107,2,64.0,0.5,2,1.0519493771,65535,1,1,nan
60,1546730751.14,27,2583,6.91531869542,5,64.0,0.6,5,127772.057658,65535,3,3,70.0
60,1546731353.09,37,8951,3.88654914952,4,64.0,0.666666666667,3,1131556.3757,65535,2,2,nan
60,1546731413.14,19,5857,1.91164604702,3,64.0,0.5,2,58920.4758014,65535,1,1,nan
60,1546731653.91,149,32195,1.36041438081,9,64.0,0.666666666667,3,18216771.2565,65535,8,8,nan
60,1546731713.94,101,25584,1.80455674082,5,64.0,0.5,4,1758.37302966,65535,1,1,nan
60,1546731894.55,159,20098,0.98860048292,11,64.0,0.5,2,13858960.4059,65535,5,5,nan
60,1546732075.07,86,21041,1.55764290187,6,64.0,0.333333333333,3,9.92244851201,65535,4,5,nan
60,1546732135.27,28,2682,3.08512797644,5,64.0,0.6,5,141470.523524,65535,3,3,70.0
60,1546732255.65,34,8948,0.451026318495,3,64.0,0.5,2,180.575308241,65535,2,2,nan
60,1546732376.0,15,1038,5.04447404636,4,64.0,1.0,4,161378.937925,775,0,0,nan
60,1546732436.26,25,2690,2.04968625517,7,64.0,0.666666666667,3,96077.9609677,65535,1,1,nan
60,1546733158.4,22,6792,2.33939474647,4,64.0,0.666666666667,3,241993.620045,65535,1,1,nan
60,1546733278.77,24,2245,0.736497087875,3,64.0,0.666666666667,3,0.00131077252482,65535,1,1,nan
60,1546733398.89,195,37364,0.0602804062988,5,64.0,0.666666666667,3,92.9097937087,65535,4,4,70.0
60,1546733579.64,14,5360,8.98573562646,2,64.0,1.0,1,7439.013355,65535,0,0,nan
60,1546733699.86,39,11235,1.0309887047,4,64.0,0.333333333333,3,57524.5598229,65535,3,4,nan
60,1546733820.31,45,7682,4.61436386814,7,64.0,0.666666666667,3,370230.086822,65535,2,2,nan
60,1546733940.63,19,1401,2.7524877578,6,64.0,1.0,2,138263.578359,1836,0,0,nan
60,1546734000.77,135,23174,2.82011436503,5,64.0,0.5,4,4169817.80732,65535,3,3,nan
60,1546734060.93,24,6903,5.05497485747,6,64.0,0.5,4,7077.11559521,65535,1,1,nan
60,1546734181.34,19,9200,3.14872822111,1,64.0,0.0,1,nan,nan,0,0,nan
60,1546734241.48,33,3238,0.422861618957,6,64.0,0.6,5,5.19549275773,65535,3,3,70.0
60,1546734301.67,48,5384,1.47200931562,5,64.0,0.5,4,434298.709171,65535,3,3,nan
60,1546734542.16,71,6467,3.07704481149,5,64.0,0.666666666667,3,717586.768935,65535,3,3,nan
60,1546734602.17,45,9476,4.81280951874,5,64.0,0.5,2,913100.427019,65535,2,2,nan
60,1546734722.79,14,1063,7.28482475597,4,64.0,1.0,1,10040465.2078,568,0,0,nan
60,1546734963.38,18,6692,1.0242623024,2,64.0,0.5,2,1.48917920488,65535,1,1,nan
60,1546735143.74,11,773,5.66724999378,1,64.0,1.0,1,14053.5065922,343,0,0,nan
60,1546735203.74,44,5000,2.47685167917,9,64.0,0.666666666667,3,2893736.03779,65535,2,2,nan
60,1546735264.59,27,3526,8.86344553633,5,64.0,0.666666666667,3,2652101.23205,65535,1,2,nan
60,1546735565.48,56,9226,0.716122672706,3,64.0,0.5,2,2403.80790467,65535,5,5,nan
60,1546735625.74,23,2548,5.36100746112,4,64.0,0.5,2,277142.242361,65535,1,1,nan
60,1546735685.9,38,5526,0.526667374754,4,64.0,0.5,2,7.03923295879,65535,3,3,nan
60,1546735746.15,31,2856,1.72407545949,5,64.0,0.5,4,127.88508585,65535,3,3,70.0
60,1546735866.47,38,9270,0.326988505145,4,64.0,0.5,2,4.65622124479,65535,2,2,nan
60,1546735926.59,18,2159,10.0882164315,5,64.0,0.5,2,40156.8657511,65535,1,1,nan
60,1546735986.74,11,774,8.51828246034,3,64.0,1.0,3,936.963814113,817,0,0,nan
60,1546736227.38,28,9198,9.07892498376,3,64.0,0.5,2,67287.9656697,65535,1,1,nan
60,1546736347.74,14,1319,4.60541250355,3,64.0,0.5,2,30564.3698473,395,0,0,nan
60,1546736528.18,17,5025,5.57380895219,3,64.0,0.5,2,2.75939309895,65535,1,1,nan
60,1546736588.44,16,1070,10.5598680755,3,64.0,1.0,2,448013.785604,406,0,0,nan
60,1546736648.6,102,34690,2.75241710562,8,64.0,0.75,4,11728907.0775,65535,3,3,nan
60,1546736768.96,20,6751,6.52020599869,3,64.0,0.5,2,2.61604195931,65535,1,1,nan
60,1546736829.19,21,3574,0.710602466089,3,64.0,0.5,2,1.1945312742,65535,2,2,nan
60,1546737550.31,35,6965,2.11152573609,5,64.0,0.5,2,600.131475288,65535,2,4,nan
60,1546737670.33,21,7306,0.603843167927,2,64.0,0.5,2,485.187026411,65535,1,1,nan
60,1546738092.23,26,3454,0.71024898803,4,64.0,0.75,4,464423.598753,65535,3,6,104.0
60,1546738152.23,36,4641,4.15284886282,4,64.0,0.75,4,290495.744266,65535,1,2,104.0
60,1546738392.23,22,3440,1.68816458961,2,64.0,1.0,2,551.263715864,65535,0,0,nan
60,1546738572.24,18,6563,0.898742878428,2,64.0,0.5,2,0.784518743248,65535,1,1,nan
60,1546738813.39,18,2151,3.75747509393,4,64.0,0.666666666667,3,130908.645168,65535,1,1,nan
60,1546739055.75,40,3272,2.29823647887,4,64.0,0.666666666667,3,400390.608079,65535,1,1,nan
60,1546739176.13,36,17801,2.1913524331,4,64.0,0.666666666667,3,400291.120615,65535,2,2,nan
60,1546739297.14,23,2302,0.165941959346,5,64.0,0.5,4,523.078586722,65535,3,3,70.0
60,1546739477.38,174,167902,1.39164921328,5,64.0,0.5,2,4775168.21796,65535,3,3,nan
60,1546739537.4,10,711,5.46380136734,3,64.0,1.0,2,16234.6801678,413,0,0,nan
60,1546739597.41,15,2006,0.765839556482,4,64.0,0.5,2,2.26358034921,65535,1,1,nan
60,1546739777.45,11,3263,0.0525597578184,2,64.0,0.5,2,0.820756381026,65535,1,1,nan
60,1546740259.51,33,13624,0.500260735803,5,64.0,0.666666666667,3,365.270754558,65535,1,1,nan
60,1546740380.81,18,6627,1.05884938672,2,64.0,0.5,2,12.2332379326,65535,1,1,nan
60,1546740682.97,25,11503,2.8347383956,5,64.0,0.333333333333,3,45465.5735755,413,1,1,nan
60,1546740984.65,212,19275,0.155052125141,8,64.0,0.75,4,929.498661595,65535,7,7,70.0
60,1546741044.77,32,3796,4.59751388179,7,64.0,0.666666666667,3,51538.8240558,65535,1,1,nan
60,1546741285.56,19,6666,2.4917860322,3,64.0,0.5,2,9473.55654677,65535,1,1,nan
60,1546741586.34,26,5923,0.514108893552,4,64.0,0.5,2,470.293114584,65535,2,2,nan
60,1546741947.15,56,10198,0.43833648462,6,64.0,0.5,2,309.538203024,65535,3,4,nan
60,1546742187.94,24,7043,8.02009746075,4,64.0,0.5,2,44082.7858651,65535,1,1,nan
60,1546742248.11,11,4695,0.0426676981914,2,64.0,0.5,2,1.71780789946,65535,1,1,nan
60,1546742428.72,27,1836,1.62929506095,6,64.0,1.0,3,3023.14079669,1836,0,0,nan
60,1546742970.34,44,4971,2.29589819462,6,64.0,0.6,5,865531.862033,65535,4,4,70.0
60,1546743030.62,67,12256,5.03912097284,10,64.0,0.5,4,3303745.78255,65535,4,4,nan
60,1546743150.97,10,744,1.66105206204,2,64.0,1.0,2,2965.17604631,459,0,0,nan
60,1546743993.43,293,54899,1.30990115473,12,64.0,0.75,4,37989866.6329,65535,13,13,31.0
60,1546744053.61,28,4287,1.31156309653,2,64.0,0.5,2,22213.8127908,65535,1,2,nan
60,1546744113.64,69,13274,2.26468048086,10,64.0,0.5,4,1233383.40173,65535,2,3,nan
60,1546744234.1,12,804,5.52945963202,6,64.0,1.0,2,32828.7436085,416,0,0,nan
60,1546744414.6,38,6594,2.5514783855,4,64.0,0.5,2,134917.705841,65535,2,2,nan
60,1546744474.97,94,11150,2.13003279265,11,64.0,0.666666666667,3,22044883.1393,65535,5,6,nan
60,1546744535.18,27,2742,4.70261760368,8,64.0,1.0,2,77367.0362833,838,0,0,nan
60,1546744896.19,34,9207,0.568143543196,3,64.0,0.5,2,4.59456055342,65535,2,2,nan
60,1546745076.57,49,5128,1.05252051771,3,64.0,0.5,2,253525.724512,65535,2,2,nan
60,1546745196.98,30,2821,1.19419317654,6,64.0,0.5,4,540.376917267,65535,3,3,70.0
60,1546745256.98,23,4567,0.552332430562,4,64.0,0.333333333333,3,180.789361106,65535,2,2,nan
60,1546745317.28,78,7008,1.51010738082,8,64.0,0.666666666667,3,7974707.70239,65535,3,3,nan
60,1546745497.77,74,14942,0.930484824927,6,64.0,0.666666666667,3,2381835.24417,65535,2,2,70.0
60,1546745557.92,39,5769,0.639756508771,6,64.0,0.5,2,1929.3915844,65535,2,2,nan
60,1546745618.11,42,4789,4.21503133471,6,64.0,0.5,2,305809.4442,65535,3,3,nan
60,1546745678.13,18,1281,2.12771584483,3,64.0,1.0,1,60557.9482722,395,0,0,nan
60,1546745738.39,10,648,9.94270300642,4,64.0,1.0,2,1338.94007774,416,0,0,nan
60,1546745798.54,6184,8353433,0.217831290912,7,64.0,0.666666666667,3,814596017.027,65535,2,2,nan
60,1546745858.54,12629,17244405,0.00883032639344,3,64.0,1.0,1,4672.12762759,65535,0,0,nan
60,1546745918.55,13952,19131439,0.00750933879934,2,64.0,1.0,1,3556.0071708,65535,0,0,nan
60,1546745978.56,15151,20846369,0.00671629126353,2,64.0,1.0,1,3866.51133086,65535,0,0,nan
60,1546746038.57,17181,24101837,0.00559539996993,6,64.0,0.5,2,55879.0104337,65535,1,1,nan
60,1546746098.58,18323,25895326,0.0056172927432,3,64.0,1.0,1,17062.7442577,416,0,0,nan
60,1546746158.58,18508,26167568,0.00514973328746,1,64.0,1.0,1,7316.2960582,347,0,0,nan
60,1546746218.58,18612,26311979,0.00510739287566,2,64.0,1.0,1,8348.4168493,351,0,0,nan
60,1546746278.59,14215,19784744,0.0107558314533,12,64.0720517872,0.4,5,19028.7821924,65535,6,7,nan
60,1546746399.36,58,7714,0.469282604047,4,64.0,0.5,2,1934.73665648,65535,4,4,nan
60,1546746460.58,16,1109,6.17601790457,3,64.0,1.0,1,5973.58595764,371,0,0,nan
60,1546746520.71,3064,3458286,0.144120548748,6,64.417129781,0.666666666667,3,327261748.48,65535,0,0,nan
60,1546746580.72,765,77926,0.141728494441,2,63.6697247706,1.0,1,989.179138246,65535,0,0,nan
60,1546746701.29,51,12481,4.47577740103,5,64.0,0.5,2,1322883.26991,65535,3,3,nan
60,1546746761.46,10,672,5.19724631919,4,64.0,1.0,2,29270.5798709,490,0,0,nan
60,1546747483.33,1928,255184,0.229872363637,21,67.8925184405,0.6,5,6010.01384253,65535,11,14,nan
60,1546747543.68,499,47697,1.30113238313,14,65.8133874239,0.25,4,17459130.2936,65535,7,7,nan
60,1546747603.7,64,8161,2.08874349063,8,64.0,0.5,2,3061040.57636,65535,2,2,nan
60,1546747664.05,11,4158,1.36683228554,2,64.0,0.0,2,nan,nan,1,1,nan
60,1546747724.11,59,12860,2.73736032868,10,84.9090909091,0.4,5,4182983.05817,65535,2,2,nan
60,1546748144.55,34,4486,0.682782103184,5,98.8484848485,0.5,4,82.0477225116,65535,1,1,nan
60,1546748504.92,12,1872,1.2150959821,2,64.0,0.5,2,1.20876732477,65535,2,2,nan
60,1546748565.57,177,35991,0.245469674002,10,70.5714285714,0.5,4,1809.49348551,65535,7,7,nan
60,1546748625.62,107,15927,4.21350195715,10,71.1775700935,0.5,8,2301831.59388,65535,4,4,70.0
60,1546748685.66,12,873,3.27948558855,4,64.0,0.5,4,3653.33438212,359,1,1,nan
60,1546748805.77,15,1098,6.72844737715,4,64.0,1.0,2,70860.9564549,427,0,0,nan
60,1546749106.76,17,4350,0.720070463655,3,64.0,0.5,2,341.063247537,65535,1,1,nan
60,1546749227.15,62,9153,1.11448345215,6,85.2666666667,0.5,4,965.683014068,65535,1,1,nan
60,1546749287.16,28,3614,2.65075542464,2,106.444444444,0.5,2,1166.57755884,529,0,0,nan
60,1546749347.19,51,10842,1.8951684801,6,88.9130434783,0.5,4,3496.27643778,65535,1,1,nan
60,1546749407.19,67,8529,1.59303323919,5,81.6307692308,0.75,4,2857.85763169,65535,0,0,nan
60,1546749467.21,57,9572,1.75122484761,8,80.2545454545,0.6,5,4929.8869187,65535,1,1,nan
60,1546749647.24,41,5466,5.61429229683,5,86.9230769231,0.75,4,38985.7059193,65535,0,0,nan
60,1546749707.25,11,970,15.7697485746,4,75.8181818182,0.666666666667,3,0.494400809304,435,0,0,nan
60,1546749947.29,10,1821,1.46633488577,2,64.0,0.5,2,6.41312477283,65535,1,1,nan
60,1546750307.8,68,17221,0.205376214929,6,64.0,0.333333333333,3,989.078830338,65535,2,2,nan
60,1546750610.43,17,1474,0.943413615762,2,64.0,1.0,2,3.0166424904,65535,0,0,nan
60,1546750730.7,18431,1272364,0.076352015098,16,64.1107131228,0.4,5,19871.835974,65535,15,16,nan
60,1546750790.77,25684,1788326,0.0581499871633,14,64.039716533,0.6,5,26290.9829494,65535,10,10,nan
60,1546750851.38,25,8633,5.20071704426,5,58.75,0.5,2,826284.187056,65535,1,1,nan
60,1546750911.53,68,8325,5.88777022862,7,83.3333333333,0.5,6,978.441945837,65535,3,3,70.0
60,1546750971.7,176,20823,0.926009978051,9,68.4367816092,0.4,5,23816102.3761,65535,3,3,nan
60,1546751092.49,137,25788,0.746582394456,12,77.2148148148,0.428571428571,7,31575.0911166,65535,6,8,70.0
60,1546751153.31,19,3345,0.484667868787,5,85.2222222222,0.4,5,14057.9131377,489,1,1,nan
60,1546755850.56,887,117470,0.117875255874,18,64.0,0.571428571429,7,5959.12350371,65535,18,18,75.6666666667
60,1546755910.79,982,100955,0.215204275652,27,64.0,0.666666666667,6,8503.82764173,65535,21,23,44.0
60,1546755970.95,82,9812,1.97679826199,6,64.0,0.666666666667,3,4636323.34777,65535,2,2,nan
60,1546756031.23,23,3295,7.12507800924,2,64.0,0.5,2,27177.6367179,65535,2,2,nan
60,1546756091.41,40,6007,1.28447144439,7,64.0,1.0,4,2549219.37679,65535,0,0,nan
60,1546756151.57,67,6062,3.86347497056,14,81.0,0.833333333333,6,34803934.1702,65535,0,0,nan
60,1546756211.62,24,1979,0.55777055173,5,64.1666666667,0.5,2,786.576074683,359,0,0,nan
120,1546715222.59,266,36731,1.40502629216,17,73.3103448276,0.625,8,707.229348616,65535,8,8,70.0
120,1546715463.38,44,6111,3.91356849259,5,64.0,0.75,4,15.4729462819,65535,3,3,70.0
120,1546715703.71,18,5217,8.15000230846,4,64.0,0.666666666667,3,358215.002385,65535,1,1,nan
120,1546715823.75,28,2942,0.526284652482,4,64.0,0.75,4,2.43532600685,65535,2,2,70.0
120,1546715943.75,527,80115,1.17128344161,25,68.3977055449,0.7,10,386812265.135,65535,21,21,70.0
120,1546716063.78,29,3249,11.2959105484,5,64.0,0.75,4,362225.377806,65535,1,1,nan
120,1546716183.78,19,1309,11.0033884814,6,56.125,1.0,3,539835.709313,65535,0,0,nan
120,1546716306.88,11,1781,0.991989602731,2,64.0,0.5,2,30.3824250298,65535,2,2,nan
120,1546716548.57,57,8301,9.43104527591,5,64.0,0.5,2,7151687.50742,65535,4,4,nan
120,1546716788.57,47,5941,0.213211905602,6,94.4782608696,0.5,4,1497.58599897,65535,1,1,nan
120,1546716908.9,75,14500,4.59685150681,8,93.6712328767,0.5,4,123.244950397,65535,3,3,nan
120,1546717028.98,86,14112,3.07755952814,7,93.3846153846,0.6,5,1982.98683867,65535,1,1,nan
120,1546717151.77,54,5354,4.57409091421,11,107.404255319,0.6,5,2598.46858783,65535,1,1,nan
120,1546717876.12,95,47047,1.32745311507,7,64.0,0.5,2,4133656.92208,65535,4,4,nan
120,1546718117.96,43,4721,2.64599641331,8,83.2,0.5,4,70578.4937524,65535,2,2,nan
120,1546718238.12,93,27697,0.634916692334,9,78.1777777778,0.5,6,189.807317732,65535,3,3,nan
120,1546718358.2,67,8642,4.65710780217,10,72.126984127,0.5,8,95105401.8748,65535,6,6,70.0
120,1546718478.6,26,4969,1.09556046446,5,64.0,1.0,2,675623.27673,65535,0,0,nan
120,1546718599.8,129,19192,3.51832595514,11,80.2222222222,0.666666666667,6,97377863.8125,65535,5,5,nan
120,1546718720.64,35,3260,5.6170526611,4,116.470588235,0.5,2,1738.23605474,385,0,0,nan
120,1546718842.93,15,1017,12.9132626967,4,54.3076923077,1.0,1,825547.906817,395,0,0,nan
120,1546718962.94,271,29418,3.1842787631,14,64.0,0.75,4,38833241.506,65535,10,10,70.0
120,1546719082.97,11,2597,1.32809923317,2,64.0,0.5,2,0.126240500325,65535,1,1,nan
120,1546719323.22,24,3913,10.1607697631,5,64.0,0.666666666667,3,3334890.51738,65535,1,1,nan
120,1546719689.8,80,23388,0.200757565285,9,78.7435897436,0.4,5,472.844238256,65535,4,4,nan
120,1546719812.88,37,3219,5.51830388671,5,64.0,1.0,2,15979051.8823,65535,0,0,nan
120,1546719935.67,140,20642,2.90298586398,14,89.3676470588,0.6,5,105099584.704,65535,4,4,nan
120,1546720056.42,45,4535,5.34633072125,4,122.769230769,0.75,4,1791.96217281,65535,0,0,nan
120,1546720177.34,61,6503,4.20948134982,10,104.210526316,0.5,4,2495.90649355,65535,1,1,nan
120,1546720300.76,99,12196,3.19094725293,8,89.1868131868,0.5,4,2560.36375679,65535,7,7,nan
120,1546720421.1,111,19717,3.21791605612,10,85.0275229358,0.333333333333,3,33.3941425347,65535,7,7,nan
120,1546720541.45,141,22530,2.81595294928,8,80.8529411765,0.6,5,2172.27090452,65535,5,5,nan
120,1546720661.7,47,8982,5.51174925403,8,84.7906976744,0.5,4,12244449.826,65535,2,2,nan
120,1546720782.33,25,2696,9.66022143259,5,64.0,0.5,2,109801.859626,65535,1,1,nan
120,1546721755.97,90,26132,0.500495530158,6,64.0,0.333333333333,3,678.944649404,65535,5,5,nan
120,1546721996.09,33,2889,8.12013456758,4,64.0,0.666666666667,3,983972.237746,65535,1,1,nan
120,1546722116.1,50,6645,10.8914462326,7,98.5416666667,0.5,4,65183337.9949,65535,2,2,nan
120,1546722237.42,51,10378,5.00846310982,6,112.765957447,0.5,4,198.558540596,65535,1,1,nan
120,1546722360.24,114,62692,3.7101150998,9,84.4642857143,0.5,4,1533.84354799,65535,3,3,nan
120,1546722480.25,82,15552,5.45412188877,9,70.6493506494,0.333333333333,3,27380140.1322,65535,2,2,nan
120,1546722600.42,31,2849,8.21696486339,5,64.0,1.0,2,368820.5706,65535,0,0,nan
120,1546723443.31,43,4904,7.78804819154,3,64.0,0.5,2,372952.683843,65535,2,2,nan
120,1546723563.72,39,10382,0.88901179844,6,64.0,0.5,2,2507.49491969,65535,2,2,nan
120,1546723684.74,19,2269,8.70900472885,3,64.0,0.666666666667,3,1091739.97348,65535,2,2,nan
120,1546723805.78,59,8758,6.74451514852,6,64.0,0.5,2,2360730.63852,65535,3,3,nan
120,1546724528.12,220,47250,3.95773993806,14,64.0,0.75,4,493774008.954,65535,10,11,nan
120,1546724648.16,470,79161,1.79953666381,26,67.5503211991,0.571428571429,7,588946169.188,65535,12,15,nan
120,1546724768.19,487,110819,1.27615107562,19,68.755186722,0.25,4,3081.31427353,65535,4,4,nan
120,1546724888.28,377,73141,1.45945274183,15,70.2113821138,0.6,5,7001.11065137,65535,7,8,nan
120,1546725008.28,638,282749,0.746988137877,28,64.4353312303,0.333333333333,6,8772.79392992,65535,14,18,56.6
120,1546725129.14,14,828,13.0001919593,2,64.0,1.0,1,1.03013002926,395,0,0,nan
120,1546725249.22,36,3344,7.04697898229,7,64.0,0.5,2,921.676516229,65535,1,1,nan
120,1546725369.86,282,48728,2.89840417884,17,64.0,0.6,5,4859.7571724,65535,16,18,70.0
120,1546725489.97,176,47711,4.76336633528,14,64.0,0.5,4,1663.97492979,65535,4,5,70.0
120,1546725610.18,59,5882,7.33372154884,7,64.0,0.5,2,2353.18106647,65535,1,1,nan
120,1546725730.3,78,10298,5.04414303965,12,64.0,0.6,5,5161135.96745,680,2,2,nan
120,1546725850.62,14,936,4.88126988771,3,64.0,1.0,2,0.770752352307,701,0,0,nan
120,1546725970.78,84,20318,5.99738912698,8,64.0,0.5,2,85523747.8959,65535,6,6,nan
120,1546726090.94,40,4639,11.6280830573,5,64.0,0.666666666667,3,331583.777464,65535,4,4,nan
120,1546726210.99,14,912,10.83291727,4,64.0,1.0,1,673408.474612,448,0,0,nan
120,1546726331.14,11,735,4.80938212313,3,64.0,1.0,1,187.23326209,448,0,0,nan
120,1546726692.13,21,5869,1.54471253713,2,64.0,0.333333333333,3,1.46566905529,65535,1,2,nan
120,1546726812.42,18,6451,1.04400389016,2,64.0,0.5,2,7.54012684169,65535,1,1,nan
120,1546727174.75,154,31882,1.00810764717,12,64.0,0.5,4,21132945.4823,65535,8,9,70.0
120,1546727415.47,14,963,15.7242241323,7,64.0,1.0,2,12220188.2017,1090,0,0,nan
120,1546727535.57,17,2082,16.0470219266,4,64.0,0.666666666667,3,1786.37452341,65535,1,1,nan
120,1546727776.25,44,8221,8.5051619331,9,64.0,0.666666666667,3,15702337.9374,65535,1,1,nan
120,1546728619.27,21,6716,12.9991967542,3,64.0,0.333333333333,3,0.913909097335,65535,2,2,nan
120,1546729101.41,19,2636,8.24403479138,1,64.0,1.0,1,6.37577525037,65535,0,0,nan
120,1546729221.87,72,52288,0.0567039779408,4,64.0,0.5,2,8.63807591515,65535,3,3,nan
120,1546729462.56,68,10590,4.79567975041,8,64.0,0.666666666667,3,30777042.8836,65535,5,5,nan
120,1546729582.59,85,17324,3.79467227518,7,64.0,0.5,2,625.60237617,65535,4,4,nan
120,1546729702.6,43,6664,4.57259886436,8,64.0,0.5,2,991.062693024,65535,2,2,nan
120,1546729823.6,39,6557,3.4562734189,7,64.0,0.5,2,3214.754258,65535,1,1,nan
120,1546729943.92,86,11791,8.07009903886,8,64.0,0.5,2,1586.44887384,65535,6,7,nan
120,1546730064.25,40,4468,8.30873305982,7,64.0,0.5,2,1381994.08604,65535,1,1,nan
120,1546730184.56,57,6853,2.35206378104,5,64.0,0.666666666667,3,1442630.14745,65535,2,2,nan
120,1546730425.29,72,13690,4.30920740245,10,64.0,0.5,2,84975.5933768,65535,4,4,nan
120,1546730786.48,31,2925,9.8629072268,5,64.0,0.5,4,117883.192181,65535,4,4,70.0
120,1546731267.8,12,792,13.2095407986,2,64.0,1.0,2,1795033.06319,395,0,0,nan
120,1546731388.17,52,14530,6.16607119166,6,64.0,0.666666666667,3,1336467.94291,65535,3,3,nan
120,1546731628.85,176,34001,2.55852737282,9,64.0,0.75,4,56984512.5703,65535,8,8,nan
120,1546731749.18,85,24443,5.69522421439,4,64.0,0.5,4,10709222.9623,65535,1,1,nan
120,1546731869.48,159,20098,0.98860048292,11,64.0,0.5,2,13858960.4059,65535,5,5,nan
120,1546731989.8,90,21269,7.18898642349,6,64.0,0.333333333333,3,172740505.054,65535,4,5,nan
120,1546732110.19,28,2682,3.08512797644,5,64.0,0.6,5,141470.523524,65535,3,3,70.0
120,1546732230.56,49,10016,9.5887263583,8,64.0,0.5,4,7112436.52471,65535,3,3,nan
120,1546732350.58,15,1038,5.04447404636,4,64.0,1.0,4,161378.937925,775,0,0,nan
120,1546732471.37,26,2732,3.33517298486,7,64.0,0.666666666667,3,96077.9609677,65535,1,1,nan
120,1546732712.1,16,1117,8.9105460783,4,64.0,1.0,2,12126994.9423,416,0,0,nan
120,1546733073.01,16,1032,13.3915664415,2,64.0,1.0,2,225311.620643,385,0,0,nan
120,1546733193.5,25,7021,2.21294598943,4,64.0,0.666666666667,3,804409.325291,65535,1,1,nan
120,1546733313.52,228,40217,2.09935831942,8,64.0,0.666666666667,3,10575816.1101,65535,5,5,70.0
120,1546733553.78,17,5546,8.1798212285,2,64.0,1.0,1,782616.811495,65535,0,0,nan
120,1546733674.71,39,11235,1.0309887047,4,64.0,0.333333333333,3,57524.5598229,65535,3,4,nan
120,1546733794.79,46,7724,4.59271856434,7,64.0,0.666666666667,3,370230.153072,65535,2,2,nan
120,1546733915.5,20,1467,4.40341983823,6,64.0,1.0,2,313837.084023,1836,0,0,nan
120,1546734035.73,162,30282,4.01942809268,9,64.0,0.5,4,45281894.8298,65535,4,4,nan
120,1546734155.98,19,9200,3.14872822111,1,64.0,0.0,1,nan,nan,0,0,nan
120,1546734276.1,86,8916,5.72275800166,9,64.0,0.6,5,22545067.3224,65535,6,6,70.0
120,1546734517.16,120,16195,3.49341445863,9,64.0,0.8,5,13017595.2449,65535,5,5,nan
120,1546734637.66,19,1361,8.84316839613,5,64.0,1.0,2,2701501.03858,568,0,0,nan
120,1546734757.8,14,1014,4.00479340618,4,64.0,1.0,2,4435473.14227,427,0,0,nan
120,1546734997.84,18,6692,1.0242623024,2,64.0,0.5,2,1.48917920488,65535,1,1,nan
120,1546735119.08,23,1603,5.45641013489,6,64.0,1.0,2,2080463.99789,701,0,0,nan
120,1546735239.12,59,7696,6.20128500353,6,64.0,0.666666666667,3,3918468.15314,65535,2,4,nan
120,1546735359.85,11,1550,18.3534058547,4,64.0,1.0,2,2558107.83975,406,0,0,nan
120,1546735480.28,63,9676,6.2361534783,3,64.0,0.5,2,20514790.9598,65535,5,5,nan
120,1546735600.63,61,8074,4.5385033763,7,64.0,0.5,2,1027511.6411,65535,4,4,nan
120,1546735721.01,36,3264,9.44805134691,6,64.0,0.5,4,368531.152019,65535,4,4,70.0
120,1546735841.37,44,9666,10.676312185,7,64.0,0.5,2,1291174.45073,65535,2,2,nan
120,1546735961.68,27,2815,11.7153173596,5,64.0,0.75,4,21666332.3008,65535,1,1,nan
120,1546736202.18,31,9403,9.26419514297,4,64.0,0.5,2,18978788.3781,65535,1,1,nan
120,1546736322.19,21,1831,7.76499291466,5,64.0,0.5,2,1004833.41693,416,0,0,nan
120,1546736442.63,14,4820,0.0698059593239,2,64.0,0.5,2,1.51688883433,65535,1,1,nan
120,1546736563.36,68,8247,6.38711992903,9,64.0,0.666666666667,3,28318912.5089,65535,3,3,nan
120,1546736683.7,74,34559,6.50456728868,7,64.0,0.75,4,2560692.24625,65535,1,1,nan
120,1546736804.09,22,3616,12.9601998497,3,64.0,0.5,2,1.1945312742,65535,2,2,nan
120,1546737524.92,35,6965,2.11152573609,5,64.0,0.5,2,600.131475288,65535,2,4,nan
120,1546737644.92,21,7306,0.603843167927,2,64.0,0.5,2,485.187026411,65535,1,1,nan
120,1546738124.92,65,8300,4.85968052559,6,64.0,0.75,4,6223765.87669,65535,3,8,104.0
120,1546738366.75,23,3506,1.85917463918,3,64.0,1.0,2,1178522.78674,65535,0,0,nan
120,1546738606.78,21,6768,21.1057798175,3,64.0,0.5,2,113097.075672,65535,1,1,nan
120,1546738847.12,15,1946,3.32402105647,3,64.0,0.666666666667,3,1.79479252954,65535,1,1,nan
120,1546738967.13,35,2942,4.6045065214,5,64.0,0.666666666667,3,788.727269078,65535,1,1,nan
120,1546739087.18,48,18521,8.28769993066,6,64.0,0.666666666667,3,16738493.7117,65535,2,2,nan
120,1546739327.26,37,3329,11.4532214981,9,64.0,0.5,4,463628.76884,65535,4,4,70.0
120,1546739447.3,176,168046,4.45606902739,5,64.0,0.5,2,17945181.1626,65535,3,3,nan
120,1546739567.4,23,2573,5.94307937624,6,64.0,0.666666666667,3,1072215.73408,65535,1,1,nan
120,1546739807.45,17,3649,15.8600269467,4,64.0,0.5,2,17279.9541425,65535,1,1,nan
120,1546739927.5,10,743,10.1803089754,3,64.0,1.0,1,4196.08440122,406,0,0,nan
120,1546740288.41,51,20251,12.9843653964,6,64.0,0.666666666667,3,676513.605289,65535,2,2,nan
120,1546740530.63,16,1098,3.34486492225,3,64.0,1.0,2,4135976.80104,395,0,0,nan
120,1546740651.91,26,11569,5.56459234743,6,64.0,0.5,4,6488168.65129,413,1,1,nan
120,1546741013.34,244,23071,2.63043381272,9,64.0,0.75,4,21587857.3013,65535,8,8,70.0
120,1546741255.46,19,6666,2.4917860322,3,64.0,0.5,2,9473.55654677,65535,1,1,nan
120,1546741496.1,26,5923,0.514108893552,4,64.0,0.5,2,470.293114584,65535,2,2,nan
120,1546741977.15,56,10198,0.43833648462,6,64.0,0.5,2,309.538203024,65535,3,4,nan
120,1546742097.31,20,6803,2.28563095309,3,64.0,0.5,2,22018.2934855,65535,1,1,nan
120,1546742218.03,17,5079,3.49844689805,4,64.0,0.5,2,43301.237906,65535,1,1,nan
120,1546742338.41,16,1141,20.7436910545,4,64.0,1.0,2,1080.36822296,1836,0,0,nan
120,1546742458.83,21,1342,5.00581154017,5,64.0,1.0,3,1923.87712301,1836,0,0,nan
120,1546742940.13,51,5558,5.37768721969,7,64.0,0.6,5,953211.823674,65535,5,5,70.0
120,1546743060.68,63,11890,3.63896385796,7,64.0,0.5,2,800267.136425,65535,3,3,nan
120,1546743181.09,19,1371,9.71402986499,5,64.0,1.0,4,56345.3185695,459,0,0,nan
120,1546743541.67,10,745,11.7101138742,1,64.0,1.0,1,6386.12387483,351,0,0,nan
120,1546743901.99,21,6993,12.3811047634,3,64.0,0.5,2,14508.801004,65535,1,1,nan
120,1546744022.1,308,52728,2.77587130769,13,64.0,0.75,4,266469031.238,65535,13,14,31.0
120,1546744142.21,69,13225,6.5563314491,11,64.0,0.5,4,1141292.01828,65535,2,3,nan
120,1546744262.32,15,1014,7.3682696791,8,64.0,1.0,2,1867655.35736,459,0,0,nan
120,1546744382.35,63,8232,6.73911496463,10,64.0,0.666666666667,3,13694424.2947,65535,2,2,nan
120,1546744502.36,108,13054,3.59068046547,9,64.0,0.666666666667,3,19549917.6429,65535,6,7,nan
120,1546744742.73,10,659,11.8518553537,4,64.0,1.0,2,438200.402688,838,0,0,nan
120,1546744862.84,34,9207,0.568143543196,3,64.0,0.5,2,4.59456055342,65535,2,2,nan
120,1546745103.05,84,8243,4.66317299507,8,64.0,0.5,4,13250612.4015,65535,5,5,70.0
120,1546745223.15,26,4810,15.2339734245,5,64.0,0.5,4,1064303.95041,65535,2,2,nan
120,1546745343.26,83,7332,5.32298279492,10,64.0,0.666666666667,3,1423227.50238,65535,3,3,nan
120,1546745463.35,74,14942,0.930484824927,6,64.0,0.666666666667,3,2381835.24417,65535,2,2,70.0
120,1546745583.46,97,11676,3.73095441809,10,64.0,0.5,2,12063120.1417,65535,5,5,nan
120,1546745703.57,62,11302,7.10026905549,9,64.0,0.666666666667,3,15609452.5962,65535,2,2,nan
120,1546745823.59,24514,33481073,0.011502378068,5,64.0,1.0,2,8168.98070058,65535,0,0,nan
120,1546745943.59,30671,42384821,0.00658986381419,5,64.0,1.0,1,57394.2382412,65535,0,0,nan
120,1546746063.6,35913,50622444,0.00552543174845,5,64.0,0.5,2,24971.2083974,65535,1,1,nan
120,1546746183.6,37195,52585597,0.00516129404984,2,64.0,1.0,1,24974.9306802,351,0,0,nan
120,1546746303.61,6473,8760593,0.724880107899,15,64.1582689335,0.4,5,2273427445.29,65535,10,11,nan
120,1546746423.65,2445,3385762,0.713646451605,4,64.0,1.0,1,462231902.009,65535,0,0,nan
120,1546746544.29,1409,152218,0.946766137641,7,64.7303851641,0.666666666667,3,361755397.608,65535,0,0,nan
120,1546746664.43,56,12820,4.97802954837,6,64.0,0.666666666667,3,2561341.1914,65535,3,3,nan
120,1546746784.55,17,1175,14.4869179005,2,64.0,1.0,1,1371037.24796,604,0,0,nan
120,1546747385.08,249,58644,0.415098737427,13,69.1659919028,0.6,5,1684.59699991,65535,9,9,nan
120,1546747505.19,2219,249890,0.683647103331,21,67.2078754579,0.4,5,3164385149.96,65535,11,14,nan
120,1546747625.3,39,7020,12.5944363415,8,64.0,0.333333333333,3,1784616.42458,65535,1,1,nan
120,1546747745.36,56,12614,4.27179957701,7,83.6923076923,0.4,5,3851535.40123,65535,2,2,nan
120,1546748105.75,36,4605,2.61126684627,5,97.8235294118,0.5,4,82.0477225116,65535,2,2,nan
120,1546748465.88,13,1914,10.2290294715,2,64.0,0.5,2,1.20876732477,65535,2,2,nan
120,1546748585.93,296,52791,2.62997300236,15,70.5684931507,0.5,8,201531444.759,65535,12,12,70.0
120,1546748706.02,11,814,15.3164583709,4,64.0,1.0,1,63226.2094118,406,0,0,nan
120,1546748826.03,16,1071,10.7891457379,5,64.0,1.0,3,117361.405305,427,0,0,nan
120,1546749066.18,17,4350,0.720070463655,3,64.0,0.5,2,341.063247537,65535,1,1,nan
120,1546749186.64,70,10232,1.48797164987,6,88.3823529412,0.5,4,1075.13673211,65535,1,1,nan
120,1546749306.77,80,14522,2.17603836418,6,94.972972973,0.5,4,5544.0598145,65535,1,1,nan
120,1546749426.86,115,16956,1.56346997957,10,78.9369369369,0.6,5,8204.28950824,65535,1,1,nan
120,1546749667.07,50,6199,8.97321150192,5,86.2608695652,0.666666666667,3,239165.595808,65535,0,0,nan
120,1546749907.27,12,1941,11.8124921645,2,64.0,0.5,2,6.41312477283,65535,2,2,nan
120,1546750267.47,69,17287,0.204327391789,6,64.0,0.333333333333,3,1742.1957337,65535,2,2,nan
120,1546750627.86,85,10234,6.11920253056,9,79.7530864198,0.571428571429,7,63049481.8079,65535,2,2,nan
120,1546750747.96,44054,3052584,0.054288891216,20,64.0405003519,0.5,6,44721.9439633,65535,17,24,nan
120,1546750868.07,164,26087,4.33189225638,12,70.4,0.5,6,386597972.702,65535,6,6,70.0
120,1546750988.18,109,11946,2.7348253434,8,72.3925233645,0.5,4,25112953.5437,65535,1,1,nan
120,1546751108.29,156,29133,0.741889690469,13,78.1568627451,0.428571428571,7,57753.0115949,65535,7,9,70.0
120,1546755792.44,894,118169,0.228046043343,19,64.0,0.571428571429,7,5959.69541784,65535,19,19,75.6666666667
120,1546755912.54,1057,110068,1.30017153581,27,64.0,0.666666666667,6,604634219.087,65535,22,24,44.0
120,1546756032.59,63,9302,6.21253458011,9,64.0,0.8,5,12854359.6714,65535,2,2,nan
120,1546756152.75,91,8041,3.32699053352,14,76.1904761905,0.833333333333,6,75620353.0394,65535,0,0,nan
180,1546715222.59,267,36844,3.87770224751,17,73.3103448276,0.625,8,707.22644333,65535,8,8,70.0
180,1546715402.64,44,6111,3.91356849259,5,64.0,0.75,4,15.4729462819,65535,3,3,70.0
180,1546715583.64,17,5151,0.780044035216,3,64.0,0.5,2,81.6514792115,65535,1,1,nan
180,1546715763.64,28,2966,29.707844848,4,64.0,0.75,4,692494.359646,65535,2,2,70.0
180,1546715943.64,531,80331,2.36494783916,25,68.380952381,0.7,10,420974035.955,65535,21,21,70.0
180,1546716123.66,45,4384,8.39435911176,8,60.9268292683,0.75,4,990587.056669,65535,1,1,nan
180,1546716306.88,14,2024,15.9218367637,3,64.0,0.666666666667,3,15618.27668,65535,2,2,nan
180,1546716486.88,58,8343,13.6606577459,5,64.0,0.5,2,7151687.50742,65535,4,4,nan
180,1546716847.49,122,20441,3.66777230648,10,93.9831932773,0.6,5,1632.05215111,65535,4,4,nan
180,1546717027.71,104,15745,3.46589727801,10,101.78021978,0.6,5,2863.8613873,65535,1,1,nan
180,1546717208.5,42,4180,3.41737617512,8,86.35,0.5,4,18466174.3025,65535,1,1,nan
180,1546717930.95,95,47047,1.32745311507,7,64.0,0.5,2,4133656.92208,65535,4,4,nan
180,1546718111.1,43,4721,2.64599641331,8,83.2,0.5,4,70578.4937524,65535,2,2,nan
180,1546718294.39,160,36339,3.11995395128,14,75.6862745098,0.555555555556,9,202537280.514,65535,9,9,70.0
180,1546718474.93,43,7183,6.04850914114,9,64.0,0.75,4,5960784.70987,65535,2,2,nan
180,1546718654.98,147,20238,3.36828619175,9,90.5833333333,0.5,4,4197.44301819,65535,3,3,nan
180,1546718836.21,262,27976,4.10195995815,15,63.511627907,0.75,4,42747570.1313,65535,9,9,70.0
180,1546719016.21,35,5056,11.0749025768,11,64.0,0.666666666667,3,458735.651824,65535,2,2,nan
180,1546719196.42,27,4104,10.5981766261,7,64.0,0.5,2,2549467.37722,65535,1,1,nan
180,1546719740.02,117,26607,6.74480547171,13,74.1769911504,0.5,6,77448155.5252,65535,4,4,nan
180,1546719920.65,154,21956,3.40077555742,14,92.2818791946,0.6,5,172269484.606,65535,4,4,nan
180,1546720101.62,90,9452,4.64237584802,10,106.444444444,0.5,4,3504.26990901,65535,1,1,nan
180,1546720281.7,188,29109,3.12873985772,14,83.2067039106,0.5,4,2600.36663463,65535,11,12,nan
180,1546720461.71,151,24467,3.57959833166,11,87.7103448276,0.6,5,2184.77212537,65535,6,7,nan
180,1546720641.75,67,10601,5.11106265663,9,84.5806451613,0.5,4,253016960.275,65535,2,2,nan
180,1546720825.32,23,2456,13.4857923479,6,64.0,0.5,2,37594244.0787,65535,1,1,nan
180,1546721727.7,91,26174,8.93037889141,6,64.0,0.333333333333,3,678.944649404,65535,5,5,nan
180,1546721907.7,30,2692,10.5290669495,4,64.0,0.666666666667,3,314624.474589,65535,1,1,nan
180,1546722087.78,58,7499,10.7091796685,7,108.036363636,0.5,4,68513796.0099,65535,2,2,nan
180,1546722267.78,155,71928,3.7839692823,10,87.0738255034,0.5,4,787.710199768,65535,4,4,nan
180,1546722450.05,92,16462,5.79440037394,10,74.275862069,0.333333333333,3,273668635.169,65535,2,2,nan
180,1546722630.35,28,2579,15.642050728,5,64.0,1.0,2,189537.453158,65535,0,0,nan
180,1546723351.44,43,4904,7.78804819154,3,64.0,0.5,2,372952.690277,65535,2,2,nan
180,1546723532.16,41,10490,10.8484293279,7,64.0,0.666666666667,3,47751667.2616,65535,2,2,nan
180,1546723712.52,20,2347,21.5965515066,4,64.0,0.666666666667,3,1079301.55037,65535,2,2,nan
180,1546723892.7,60,8800,6.34153067188,6,64.0,0.5,2,1731084.97166,65535,3,3,nan
180,1546724433.5,19,1696,1.77261680704,2,64.0,1.0,2,237093.244756,65535,0,0,nan
180,1546724613.54,975,196460,2.24672550993,35,66.1030927835,0.571428571429,7,4389727766.14,65535,23,29,nan
180,1546724793.59,264,50449,2.30334391535,13,77.5889328063,0.6,5,1846.19788784,65535,1,2,nan
180,1546724973.59,944,345127,1.32500763014,34,65.1099252935,0.333333333333,6,13960.8915916,65535,20,25,56.6
180,1546725154.1,24,1550,15.6224022317,5,64.0,1.0,1,6.63480794738,416,0,0,nan
180,1546725334.67,445,95142,2.35737288014,21,64.0,0.6,5,7054.71208449,65535,18,23,70.0
180,1546725514.79,60,6690,7.38292312555,7,64.0,0.333333333333,3,1944.78895627,65535,1,1,nan
180,1546725695.38,106,12797,4.64794337269,13,64.0,0.6,5,13712798.2681,65535,3,3,nan
180,1546725877.21,95,21073,5.88200974206,9,64.0,0.666666666667,3,360053561.37,65535,6,6,nan
180,1546726057.26,45,4964,11.4672017744,7,64.0,0.666666666667,3,23687892.9716,65535,4,4,nan
180,1546726238.31,18,1214,31.4394515796,5,64.0,1.0,1,11663.36595,448,0,0,nan
180,1546726598.34,21,5869,1.54471253713,2,64.0,0.333333333333,3,1.46566905529,65535,1,2,nan
180,1546726778.34,18,6451,1.04400389016,2,64.0,0.5,2,7.54012684169,65535,1,1,nan
180,1546727139.09,154,31882,1.00810764717,12,64.0,0.5,4,21132945.4823,65535,8,9,70.0
180,1546727319.15,18,1238,14.8501419108,7,64.0,1.0,2,0.965442282626,1090,0,0,nan
180,1546727501.32,20,2307,14.8485785834,4,64.0,0.666666666667,3,58697976.0039,65535,1,1,nan
180,1546727681.32,49,8609,3.16372602799,10,64.0,0.666666666667,3,23513783.4048,65535,1,1,nan
180,1546728582.52,21,6716,12.9991967542,3,64.0,0.333333333333,3,0.913909097335,65535,2,2,nan
180,1546729122.98,19,2636,8.24403479138,1,64.0,1.0,1,6.37577525037,65535,0,0,nan
180,1546729304.48,76,52535,11.4796095847,5,64.0,0.5,2,1541188.27181,65535,3,3,nan
180,1546729484.66,150,27764,4.28514903137,12,64.0,0.666666666667,3,880431416.996,65535,9,9,nan
180,1546729664.81,46,6814,12.2226154481,9,64.0,0.5,2,992.819909994,65535,2,2,nan
180,1546729846.45,45,6905,7.76857376621,8,64.0,0.5,2,4029.23784779,65535,1,1,nan
180,1546730026.54,120,15911,5.06907669231,7,64.0,0.5,2,3401104.82394,65535,7,8,nan
180,1546730206.55,59,7008,13.9668117202,5,64.0,0.666666666667,3,1442630.29395,65535,2,2,nan
180,1546730386.57,72,13690,4.30920740245,10,64.0,0.5,2,84975.5933768,65535,4,4,nan
180,1546730746.62,33,3033,11.205682383,6,64.0,0.6,5,257234.515331,65535,4,4,70.0
180,1546730926.77,10,710,13.5954863531,3,64.0,1.0,3,11299.9431503,416,0,0,nan
180,1546731106.81,10,708,29.6202746186,2,64.0,1.0,2,16594.9451322,395,0,0,nan
180,1546731286.92,61,15117,8.41285718859,6,64.0,0.666666666667,3,16072210.0084,65535,3,3,nan
180,1546731647.1,254,57994,2.80557707575,9,64.0,0.6,5,153892566.181,65535,9,9,nan
180,1546731827.1,169,20734,5.61660720545,12,64.0,0.5,2,30537112.6055,65535,5,5,nan
180,1546732007.68,115,23765,7.91733946303,10,64.0,0.5,6,143898465.124,65535,7,8,70.0
180,1546732187.7,49,10016,9.5887263583,8,64.0,0.5,4,7112436.52448,65535,3,3,nan
180,1546732367.7,41,3770,8.81324402925,10,64.0,0.8,5,4767900.2451,65535,1,1,nan
180,1546732728.85,19,1322,17.1059897184,5,64.0,1.0,2,25715417.2813,416,0,0,nan
180,1546733090.74,41,8053,8.79866325364,5,64.0,0.666666666667,3,22023306.3718,65535,1,1,nan
180,1546733270.94,228,40217,2.09935831942,8,64.0,0.666666666667,3,10575816.1101,65535,5,5,70.0
180,1546733450.94,12,684,19.1668510216,3,64.0,1.0,2,808710.762996,1836,0,0,nan
180,1546733631.14,52,16553,8.09943015287,5,64.0,0.333333333333,3,5256763.25152,65535,3,4,nan
180,1546733811.22,65,9125,8.35721321018,12,64.0,0.75,4,8593241.26994,65535,2,2,nan
180,1546733991.3,163,30348,4.70141910205,9,64.0,0.5,4,46683756.1706,65535,4,4,nan
180,1546734171.31,100,17822,5.97613171732,10,64.0,0.5,6,1115726.82412,65535,6,6,70.0
180,1546734351.85,17,1132,21.4408138749,4,64.0,1.0,3,2494969.14406,413,0,0,nan
180,1546734532.16,130,16935,4.55156288493,10,64.0,0.75,4,20331706.9457,65535,5,5,nan
180,1546734712.43,24,1737,18.6223260824,5,64.0,1.0,2,22663195.2445,568,0,0,nan
180,1546734892.67,18,6692,1.0242623024,2,64.0,0.5,2,1.48917920488,65535,1,1,nan
180,1546735073.49,51,4562,3.95793423247,9,64.0,0.666666666667,3,5429947.17409,65535,2,2,nan
180,1546735253.7,40,6179,13.0530946429,6,64.0,0.666666666667,3,12189801.2688,65535,1,2,nan
180,1546735433.8,65,9784,7.87855862672,4,64.0,0.5,2,21560750.3499,65535,5,5,nan
180,1546735615.67,92,10930,7.73224356414,11,64.0,0.5,4,12271365.0365,65535,7,7,70.0
180,1546735795.68,49,10074,10.1294871888,9,64.0,0.333333333333,3,5122323.69193,65535,3,3,nan
180,1546735976.25,28,2857,11.4994744496,5,64.0,0.75,4,21666332.3008,65535,1,1,nan
180,1546736156.34,33,9566,9.04405486824,5,64.0,0.5,2,27616074.4959,65535,1,1,nan
180,1546736336.48,19,1668,7.09689133448,4,64.0,0.5,2,1003280.35137,416,0,0,nan
180,1546736516.5,83,13109,5.81577321584,10,64.0,0.666666666667,3,47308115.5793,65535,4,4,nan
180,1546736697.19,95,38133,8.27575906275,9,64.0,0.75,4,6584703.46222,65535,3,3,nan
180,1546737417.22,35,6965,2.11152573609,5,64.0,0.5,2,600.131475288,65535,2,4,nan
180,1546737597.23,21,7306,0.603843167927,2,64.0,0.5,2,485.187026411,65535,1,1,nan
180,1546738137.28,65,8300,4.85968052559,6,64.0,0.75,4,6223765.87669,65535,3,8,104.0
180,1546738317.28,23,3506,1.85917463918,3,64.0,1.0,2,1178522.78674,65535,0,0,nan
180,1546738497.31,18,6563,0.898742878428,2,64.0,0.5,2,0.784518743248,65535,1,1,nan
180,1546738677.46,11,770,20.6021386146,3,64.0,1.0,1,7534643.66643,385,0,0,nan
180,1546738857.97,14,1904,0.147906636563,3,64.0,0.666666666667,3,1.79479252954,65535,1,1,nan
180,1546739038.21,84,21529,7.03387792455,7,64.0,0.666666666667,3,173967355.536,65535,3,3,nan
180,1546739218.27,30,2813,16.106527253,7,64.0,0.5,4,421290.351412,65535,3,3,70.0
180,1546739399.07,186,168736,5.16989115111,8,64.0,0.333333333333,3,31920716.0702,65535,4,4,nan
180,1546739579.22,26,2771,19.5680778244,6,64.0,0.666666666667,3,1100066.342,65535,1,1,nan
180,1546739761.24,21,3916,16.0924616515,4,64.0,0.5,2,85922.2398677,65535,1,1,nan
180,1546739941.64,10,743,10.1803089754,3,64.0,1.0,1,4196.08440122,406,0,0,nan
180,1546740302.14,45,19603,13.8204563315,5,64.0,0.5,2,386969.639998,65535,1,1,nan
180,1546740482.28,16,1098,3.34486492225,3,64.0,1.0,2,4135976.80104,395,0,0,nan
180,1546740662.58,28,11677,14.2819582118,6,64.0,0.5,4,8235104.77585,413,1,1,nan
180,1546740843.77,26,2916,25.6717004807,5,64.0,0.666666666667,3,213372.224168,65535,2,2,nan
180,1546741024.36,225,20623,4.81051986561,8,64.0,0.666666666667,3,8339068.49061,65535,6,6,70.0
180,1546741204.42,22,6852,18.377662243,4,64.0,0.5,2,1291512.34195,65535,1,1,nan
180,1546741566.29,26,5923,0.514108893552,4,64.0,0.5,2,470.293114584,65535,2,2,nan
180,1546741926.9,56,10198,0.43833648462,6,64.0,0.5,2,309.539148025,65535,3,4,nan
180,1546742107.14,37,11882,6.83286017492,6,64.0,0.5,2,414269.300344,65535,2,2,nan
180,1546742287.32,25,1775,16.5873748278,6,64.0,1.0,3,2819.13223213,1836,0,0,nan
180,1546742467.46,12,708,5.97891138998,3,64.0,1.0,2,943.072586945,1836,0,0,nan
180,1546742828.74,53,5588,10.2515651861,6,64.0,0.6,5,3553138.94821,65535,4,4,70.0
180,1546743008.81,74,12727,9.20486601965,11,64.0,0.6,5,5785967.81294,65535,4,4,nan
180,1546743189.17,17,1237,11.6089628412,6,64.0,1.0,3,56359.8988054,385,0,0,nan
180,1546743552.12,10,745,11.7101138742,1,64.0,1.0,1,6386.12387483,351,0,0,nan
180,1546743912.34,324,59391,3.64805211901,14,64.0,0.75,4,252939247.311,65535,14,15,31.0
180,1546744092.35,75,13633,6.75076724353,11,64.0,0.5,4,5533220.18887,65535,2,3,nan
180,1546744273.0,60,8046,10.4888402207,13,64.0,0.666666666667,3,7382288.01756,65535,2,2,nan
180,1546744454.78,125,14176,3.6027597936,11,64.0,0.666666666667,3,66616695.262,65535,6,7,nan
180,1546744635.0,13,845,17.0013623995,4,64.0,1.0,2,47513.2237774,838,0,0,nan
180,1546744815.01,36,9315,10.9470450633,4,64.0,0.666666666667,3,685735.143539,65535,2,2,nan
180,1546744995.54,54,5422,4.86883358728,3,64.0,0.5,2,478110.091595,65535,2,2,nan
180,1546745176.35,120,13523,8.35424479329,12,64.0,0.6,5,64330046.5362,65535,8,8,70.0
180,1546745356.39,93,16382,8.11029574659,10,64.0,0.666666666667,3,82722500.0743,65535,2,2,70.0
180,1546745537.37,99,11839,3.70190644843,10,64.0,0.5,2,12716773.7916,65535,5,5,nan
180,1546745717.37,14317,19450873,0.318305388325,10,64.0,0.666666666667,3,1784743663.83,65535,2,2,nan
180,1546745897.38,45121,62303939,0.00681510416651,7,64.0,0.5,2,63296.0502069,65535,1,1,nan
180,1546746077.38,54546,77013868,0.00543110458356,3,64.0,1.0,1,33054.298432,65535,0,0,nan
180,1546746257.39,20842,29076987,0.40401678912,15,64.0491409924,0.4,5,4621878481.94,65535,10,11,nan
180,1546746437.39,3845,3537321,0.586143064897,9,64.2669447341,0.666666666667,3,2415082530.88,65535,0,0,nan
180,1546746617.39,66,13545,7.9162296992,8,64.0,0.666666666667,3,10742149.8961,65535,3,3,nan
180,1546746797.4,17,1151,14.2665550683,2,64.0,1.0,1,1058994.49723,604,0,0,nan
180,1546747338.09,858,147250,0.239842702027,19,71.4933973589,0.6,5,4264.43353845,65535,10,13,nan
180,1546747518.14,1633,163792,0.862930126385,18,65.2584824183,0.25,4,2844728982.6,65535,10,10,nan
180,1546747698.51,72,17126,4.12923794956,11,79.5151515152,0.4,5,4182983.05817,65535,3,3,nan
180,1546748059.66,36,4605,2.61126684627,5,97.8235294118,0.5,4,82.0477225116,65535,2,2,nan
180,1546748421.43,13,1914,10.2290294715,2,64.0,0.5,2,1.20876732477,65535,2,2,nan
180,1546748602.01,300,53074,3.8746237287,17,70.5016949153,0.5,8,256870862.397,65535,12,12,70.0
180,1546748782.45,26,1809,10.02046789,8,64.0,1.0,4,366358.811849,532,0,0,nan
180,1546748962.58,18,4463,37.0107510596,3,64.0,0.5,2,341.063247537,65535,1,1,nan
180,1546749142.58,78,11311,1.7559095772,6,90.8421052632,0.5,4,1653.55056126,65535,1,1,nan
180,1546749322.83,150,23119,1.8708399427,10,88.3829787234,0.6,5,10618.7664687,65535,1,1,nan
180,1546749503.06,46,7985,14.7877624063,8,67.023255814,0.666666666667,6,58647688.2186,65535,1,1,nan
180,1546749683.75,51,6320,10.3630463902,6,85.3333333333,0.666666666667,3,7180126.32022,65535,0,0,nan
180,1546749863.83,12,1941,11.8124921645,2,64.0,0.5,2,6.41312477283,65535,2,2,nan
180,1546750223.95,69,17287,0.204327391789,6,64.0,0.333333333333,3,1742.15899511,65535,2,2,nan
180,1546750585.36,11788,805765,0.527384382956,16,64.1406992532,0.571428571429,7,3142904881.04,65535,13,13,nan
180,1546750765.36,32377,2265728,0.232527039339,17,64.0394192153,0.6,5,5419526537.69,65535,12,14,nan
180,1546750946.14,304,36732,3.5378856921,13,75.5771812081,0.5,6,997680004.476,65535,6,9,70.0
180,1546751126.15,99,21759,0.853866785862,10,71.7959183673,0.428571428571,7,54191.5098671,65535,6,6,70.0
180,1546755817.58,1874,218817,0.901716849604,32,64.0,0.571428571429,7,14458460.9356,65535,39,41,59.8333333333
180,1546755997.59,161,20163,4.36296828353,18,64.0,0.8,5,171132881.397,65535,4,4,nan
180,1546756177.64,70,6600,0.672336617124,8,79.2835820896,0.8,5,6902.31643551,65535,0,0,nan
240,1546715222.59,267,36844,3.87770224751,17,73.3103448276,0.625,8,707.22644333,65535,8,8,70.0
240,1546715462.61,44,6111,3.91356849259,5,64.0,0.75,4,15.4729462819,65535,3,3,70.0
240,1546715702.73,45,8117,23.8796017667,6,64.0,0.8,5,1065347.9126,65535,3,3,70.0
240,1546715942.74,557,83406,3.48801622975,27,68.1818181818,0.7,10,819737719.169,65535,22,22,70.0
240,1546716182.74,29,3048,26.0347450961,8,59.1538461538,0.75,4,638548.816435,65535,2,2,nan
240,1546716423.27,61,8586,15.2012051434,6,64.0,0.666666666667,3,7641129.51656,65535,4,4,nan
240,1546716903.4,196,33326,3.65806712549,12,90.1621621622,0.666666666667,6,3562.44941592,65535,5,5,nan
240,1546717145.01,65,6314,4.32711700172,12,105.75862069,0.6,5,28201147.803,65535,1,1,nan
240,1546717867.36,95,47047,1.32745311507,7,64.0,0.5,2,4133656.42913,65535,4,4,nan
240,1546718107.38,88,10227,11.8124667643,10,88.9268292683,0.6,5,60041912.6215,65535,3,3,nan
240,1546718347.72,133,35211,12.1466819473,13,68.0,0.5,8,2226792833.61,65535,8,8,70.0
240,1546718588.22,170,22935,5.12282218338,13,87.8192771084,0.666666666667,6,3429580185.86,65535,5,5,nan
240,1546718828.3,276,28876,4.28008718912,15,63.0735294118,0.75,4,45109120.0472,65535,9,9,70.0
240,1546719068.3,25,4348,24.6723936835,4,64.0,0.5,2,346604.563295,65535,2,2,nan
240,1546719309.26,31,4413,9.56449668936,8,64.0,0.666666666667,3,5220013.65888,65535,1,1,nan
240,1546719549.85,81,23501,19.154281291,9,78.7435897436,0.4,5,472.847864857,65535,4,4,nan
240,1546719794.85,151,21580,5.74285222724,15,80.6164383562,0.666666666667,6,216505106.845,65535,4,4,nan
240,1546720034.86,130,13047,4.4353493791,13,107.915966387,0.6,5,5216.76484806,65535,1,1,nan
240,1546720276.15,210,31913,3.44198756938,15,86.92,0.5,4,2617.86219607,65535,12,14,nan
240,1546720516.34,162,24459,4.33987850173,11,87.987012987,0.6,5,251460032.584,65535,6,6,nan
240,1546720760.06,57,10261,9.79842444207,7,61.5769230769,0.5,2,42339628.9354,65535,2,2,nan
240,1546721721.41,94,26403,8.79689845566,7,64.0,0.333333333333,3,33912540.5174,65535,5,5,nan
240,1546721961.65,37,3238,10.7633708061,4,64.0,0.666666666667,3,1095696.14696,65535,1,1,nan
240,1546722201.67,203,78543,3.82633377225,12,92.0923076923,0.5,4,1226.31829025,65535,6,6,nan
240,1546722442.06,116,18903,6.49555143826,11,75.6,0.5,4,586060987.514,65535,2,2,nan
240,1546722682.18,10,638,29.8295395946,4,64.0,1.0,1,6209.10351386,406,0,0,nan
240,1546723402.7,82,15286,12.704560716,6,64.0,0.5,2,65029681.5346,65535,4,4,nan
240,1546723643.1,22,2455,21.430120037,4,64.0,0.666666666667,3,1092090.47946,65535,2,2,nan
240,1546723883.1,60,8800,6.34153067188,6,64.0,0.5,2,1731084.97171,65535,3,3,nan
240,1546724363.74,20,1809,40.0189172607,2,64.0,1.0,2,237093.244756,65535,0,0,nan
240,1546724603.98,1139,231811,2.1452278425,35,66.8144876325,0.571428571429,7,11148523419.3,65535,23,29,nan
240,1546724844.04,861,331722,1.35888785221,34,68.375,0.5,8,15302.0515461,65535,19,24,66.25
240,1546725084.11,205,29933,6.92668422036,16,62.0714285714,0.666666666667,3,538.672376164,65535,2,3,18.0
240,1546725324.4,447,95262,2.63819822929,21,64.0,0.6,5,7062.11974644,65535,18,23,70.0
240,1546725564.97,145,17870,5.07659270151,15,64.0,0.5,6,26355720.4054,65535,4,4,nan
240,1546725805.0,116,22690,8.41578691146,15,64.0,0.75,4,506076637.636,65535,6,6,nan
240,1546726045.0,57,5732,11.4170005484,8,64.0,0.666666666667,3,81516328.4971,65535,4,4,nan
240,1546726285.0,11,735,4.80938212313,3,64.0,1.0,1,187.23326209,448,0,0,nan
240,1546726525.07,19,5714,1.05724986584,2,64.0,0.333333333333,3,1.46566905529,65535,1,2,nan
240,1546726766.09,22,6714,32.9999457585,3,64.0,0.5,2,6742.14045589,65535,1,1,nan
240,1546727006.67,154,31882,1.00810764717,12,64.0,0.5,4,21132945.4823,65535,8,9,70.0
240,1546727246.95,18,1238,14.8501419108,7,64.0,1.0,2,0.965442282626,1090,0,0,nan
240,1546727487.07,20,2307,14.8485785834,4,64.0,0.666666666667,3,58697976.0039,65535,1,1,nan
240,1546727727.43,53,8825,8.98148539242,10,64.0,0.666666666667,3,54660093.7937,65535,1,1,nan
240,1546728688.23,17,6466,1.07835299725,2,64.0,0.5,2,0.913909097335,65535,1,1,nan
240,1546728928.47,19,2636,8.24403479138,1,64.0,1.0,1,6.37577525037,65535,0,0,nan
240,1546729168.57,73,52330,0.30785074618,4,64.0,0.5,2,8.63807591515,65535,3,3,nan
240,1546729408.66,152,27903,5.83847546282,13,64.0,0.666666666667,3,962456077.602,65535,9,9,nan
240,1546729649.51,73,12582,11.341881065,11,64.0,0.5,2,3707.49930231,65535,3,3,nan
240,1546729889.75,125,15267,8.30609811689,11,64.0,0.5,2,5781.28849178,65535,6,7,nan
240,1546730129.99,73,8855,13.5336742334,6,64.0,0.666666666667,3,2279196.25667,65535,3,3,nan
240,1546730370.12,76,13937,8.3704589289,10,64.0,0.5,2,196497.540377,65535,4,4,nan
240,1546730610.48,31,2811,10.1592561335,6,64.0,0.6,5,184492.041355,65535,3,3,70.0
240,1546730850.64,16,1160,26.9625330545,5,64.0,0.6,5,33724.9191912,416,1,1,nan
240,1546731090.88,15,1017,24.7458695641,2,64.0,1.0,2,368153.97976,395,0,0,nan
240,1546731331.12,61,15168,10.9772000984,7,64.0,0.666666666667,3,23013157.9834,65535,3,3,nan
240,1546731571.28,254,57994,2.80557707575,9,64.0,0.6,5,153892566.181,65535,9,9,nan
240,1546731811.52,170,20776,5.67784172069,12,64.0,0.5,2,30537112.6055,65535,5,5,nan
240,1546732051.76,120,24173,7.0089525942,11,64.0,0.5,6,250393287.009,65535,8,9,70.0
240,1546732292.08,84,13336,7.4643133956,14,64.0,0.8,5,36961342.3418,65535,3,3,nan
240,1546732532.11,15,1114,16.3454140063,2,64.0,1.0,2,371464.242868,395,0,0,nan
240,1546732772.12,16,1036,24.3679107066,4,64.0,1.0,1,77196538.2186,416,0,0,nan
240,1546733012.12,43,8137,12.4561371445,5,64.0,0.666666666667,3,22023306.3718,65535,1,1,nan
240,1546733252.12,233,40511,4.43694687978,8,64.0,0.666666666667,3,12138526.8565,65535,5,5,70.0
240,1546733492.13,59,16943,11.350237989,7,64.0,0.5,4,37612539.5091,65535,3,4,nan
240,1546733732.14,61,8885,8.57798531647,12,64.0,0.75,4,3356570.00448,65535,2,2,nan
240,1546733972.14,184,39704,6.42264293736,10,64.0,0.5,4,70251810.8828,65535,4,4,nan
240,1546734212.15,91,9205,10.2162437033,10,64.0,0.6,5,26690584.5494,65535,6,6,70.0
240,1546734452.15,139,17568,7.46405936241,11,64.0,0.8,5,27256766.8967,65535,5,5,nan
240,1546734692.15,24,1737,18.6223260824,5,64.0,1.0,2,22663195.2445,568,0,0,nan
240,1546734932.16,19,6805,37.2383233077,2,64.0,0.5,2,1.48917920488,65535,1,1,nan
240,1546735172.18,85,10310,7.28387253747,10,64.0,0.666666666667,3,9826591.41639,65535,2,4,nan
240,1546735412.18,84,11089,9.30165124759,6,64.0,0.666666666667,3,28989771.0065,65535,5,5,nan
240,1546735652.18,84,10393,9.70905437316,10,64.0,0.5,4,5924541.604,65535,8,8,70.0
240,1546735892.19,71,12481,9.09975098448,11,64.0,0.75,4,28000577.2194,65535,3,3,nan
240,1546736132.19,39,10036,9.04889312973,5,64.0,0.5,2,31195940.2554,65535,1,1,nan
240,1546736372.19,36,6633,22.2586573742,8,64.0,0.333333333333,3,116457939.453,65535,1,1,nan
240,1546736612.19,134,42233,5.21311132626,9,64.0,0.75,4,259469866.801,65535,4,4,nan
240,1546736852.2,26,3915,14.7485079653,4,64.0,0.5,2,342242.202377,65535,2,2,nan
240,1546737572.22,55,14158,13.1143943127,6,64.0,0.5,2,35384486.8828,65535,3,5,nan
240,1546738052.22,66,8342,11.5497960561,6,64.0,0.75,4,6223765.87669,65535,3,8,104.0
240,1546738292.23,23,3506,1.85917463918,3,64.0,1.0,2,1178522.78674,65535,0,0,nan
240,1546738532.24,25,7086,20.6027278721,4,64.0,0.5,2,6784379.71421,65535,1,1,nan
240,1546738772.24,18,2151,3.75747509393,4,64.0,0.666666666667,3,130908.645168,65535,1,1,nan
240,1546739012.25,84,21529,7.03387792455,7,64.0,0.666666666667,3,173967355.536,65535,3,3,nan
240,1546739252.25,166,160362,9.19743578027,10,64.0,0.5,4,8297780.38344,65535,4,4,70.0
240,1546739492.25,75,13916,13.3046580444,9,64.0,0.666666666667,3,14379954.4179,65535,4,4,nan
240,1546739732.26,27,4383,15.6535559108,4,64.0,0.5,2,132785.699441,65535,1,1,nan
240,1546740212.27,51,20251,12.9843653964,6,64.0,0.666666666667,3,676513.605353,65535,2,2,nan
240,1546740452.27,17,1164,17.7328587913,3,64.0,1.0,2,4212399.03026,395,0,0,nan
240,1546740692.29,30,11816,16.2802867343,7,64.0,0.5,4,14893300.5596,413,1,1,nan
240,1546740932.29,247,23292,4.45079893151,9,64.0,0.75,4,24098682.9963,65535,8,8,70.0
240,1546741172.3,23,6894,18.3020008213,4,64.0,0.5,2,1291512.34195,65535,1,1,nan
240,1546741412.3,26,5923,0.514108893552,4,64.0,0.5,2,470.293114584,65535,2,2,nan
240,1546741892.31,56,10198,0.43833648462,6,64.0,0.5,2,309.538203024,65535,3,4,nan
240,1546742132.31,38,11995,18.6220623952,6,64.0,0.5,2,414269.300344,65535,2,2,nan
240,1546742372.31,36,2370,4.0973436259,7,64.0,1.0,3,3884.76208036,1836,0,0,nan
240,1546742852.32,116,17580,8.35109014504,13,64.0,0.6,5,132343626.75,65535,8,8,70.0
240,1546743092.32,24,1708,15.3434336933,8,64.0,1.0,4,58509.3304681,459,0,0,nan
240,1546743814.26,296,55104,3.56209654137,13,64.0,0.75,4,51171483.4897,65535,13,13,31.0
240,1546744054.9,113,18604,6.68247430729,16,64.0,0.5,4,8261706.93851,65535,2,5,nan
240,1546744295.46,144,18512,7.16918661659,15,64.0,0.666666666667,3,111083534.898,65535,7,8,nan
240,1546744535.46,42,3739,10.9954933564,9,64.0,0.666666666667,3,4628265.06244,838,1,1,nan
240,1546744775.59,38,9447,11.9585650674,6,64.0,0.666666666667,3,2323756.97219,65535,2,2,nan
240,1546745015.86,84,8243,4.66317299507,8,64.0,0.5,4,13250612.4015,65535,5,5,70.0
240,1546745256.75,109,12142,8.72763733465,13,64.0,0.6,5,13627673.6084,65535,5,5,nan
240,1546745497.37,173,26781,6.47982247823,13,64.0,0.666666666667,3,91734192.2581,65535,7,7,70.0
240,1546745737.37,32525,44391747,0.211279689527,10,64.0,0.666666666667,3,1849419225.17,65535,2,2,nan
240,1546745977.37,69031,96809130,0.00577034725542,8,64.0,0.5,2,84549.7866719,65535,1,1,nan
240,1546746217.38,33270,46644790,0.319792075576,15,64.0307831054,0.4,5,4863396867.34,65535,10,11,nan
240,1546746457.39,3854,3537980,0.811490285665,9,64.2663891779,0.666666666667,3,2535478399.72,65535,0,0,nan
240,1546746697.39,74,14037,8.41131501618,8,64.0,0.666666666667,3,16751467.8907,65535,3,3,nan
240,1546746937.39,10,738,38.3926246757,3,64.0,1.0,1,1304081.45433,406,0,0,nan
240,1546747417.4,2491,311042,0.712853734418,25,67.3748981255,0.5,6,4519399886.43,65535,15,23,nan
240,1546747657.42,75,17299,9.77571203189,11,79.0588235294,0.4,5,13365534.2686,65535,3,3,nan
240,1546748137.43,36,4641,34.7723942934,5,98.8484848485,0.5,4,82.0477225116,65535,1,1,nan
240,1546748377.44,108,14107,12.0743120629,8,75.0576923077,0.5,4,9305561.77557,65535,3,3,nan
240,1546748617.44,225,42273,5.87514637404,19,66.9315068493,0.5,8,228857258.534,65535,11,11,70.0
240,1546748857.44,12,824,11.7325189163,5,64.0,1.0,4,190569.006277,532,0,0,nan
240,1546749097.45,103,16579,13.3245444681,8,88.4646464646,0.5,4,1775460102.87,65535,2,2,nan
240,1546749337.45,181,29660,2.79565024792,13,82.6315789474,0.6,5,42538460.2137,65535,2,2,nan
240,1546749577.46,56,6683,8.49896044374,7,83.6923076923,0.75,4,14296994.0268,65535,0,0,nan
240,1546749817.46,14,2104,36.0943746959,3,64.0,0.5,2,10411.9111985,65535,2,2,nan
240,1546750297.47,69,17287,0.204327391789,6,64.0,0.333333333333,3,1742.1957337,65535,2,2,nan
240,1546750537.47,13883,957496,0.48722369017,18,64.1470164312,0.571428571429,7,3764381602.24,65535,14,14,nan
240,1546750777.48,30515,2142284,0.369990329063,20,64.1005637865,0.571428571429,7,1.09499997519e+11,65535,17,19,70.0
240,1546751017.49,170,30204,4.70278049441,15,76.2891566265,0.428571428571,7,417740998.802,65535,7,9,70.0
240,1546755817.58,1972,231411,1.05827087975,32,64.0,0.571428571429,7,3154101046.68,65535,39,44,59.8333333333
240,1546756057.59,133,14169,4.22161088347,19,72.2580645161,0.714285714286,7,93634286.6943,65535,1,1,nan
300,1546715222.59,306,42642,7.36882209031,18,72.1818181818,0.625,8,246843322.016,65535,10,11,70.0
300,1546715523.52,23,5530,42.9670350767,6,64.0,0.75,4,115141839.879,65535,1,1,nan
300,1546715823.52,558,83231,2.30991239762,26,68.1666666667,0.7,10,537516911.218,65535,23,23,70.0
300,1546716123.66,55,6123,19.4295249246,9,61.5294117647,0.75,4,1992600.76293,65535,3,3,nan
300,1546716425.06,63,8694,15.0768123736,6,64.0,0.666666666667,3,7641515.90912,65535,4,4,nan
300,1546716725.07,120,20169,3.25831772233,10,91.2307692308,0.6,5,1632.05215111,65535,4,4,nan
300,1546717025.33,148,20197,3.95653249119,13,99.4436090226,0.666666666667,6,33239993.6111,65535,1,2,nan
300,1546717927.38,137,51726,18.1117261369,10,69.7313432836,0.5,4,371207581.757,65535,6,6,nan
300,1546718228.5,161,36381,9.1474660416,14,75.6862745098,0.555555555556,9,202537280.514,65535,9,9,70.0
300,1546718528.5,188,27313,4.89136820872,14,85.606557377,0.666666666667,6,5642835838.55,65535,5,5,nan
300,1546718828.58,288,30543,4.61674215495,16,63.109540636,0.75,4,46784131.0021,65535,10,10,70.0
300,1546719130.55,44,7094,18.9426906861,8,64.0,0.666666666667,3,5511357.25023,65535,2,2,nan
300,1546719734.96,232,45010,6.27983877857,17,79.9642857143,0.571428571429,7,292137149.071,65535,7,8,nan
300,1546720035.34,181,20060,4.16598198562,15,101.704142012,0.6,5,7291.57854261,65535,8,8,nan
300,1546720335.77,287,46521,3.29947527604,15,84.9124087591,0.6,5,2792.93015076,65535,11,12,nan
300,1546720636.1,89,13015,6.84486930181,12,79.5609756098,0.5,4,1428405230.45,65535,3,3,nan
300,1546721538.1,99,26754,15.9941746422,8,64.0,0.5,4,34420660.7053,65535,5,5,nan
300,1546721838.7,37,3238,10.7633708061,4,64.0,0.666666666667,3,1095696.14696,65535,1,1,nan
300,1546722138.71,203,78543,3.82633377225,12,92.0923076923,0.5,4,1226.31829025,65535,6,6,nan
300,1546722439.58,122,19337,6.68752661349,12,75.0,0.5,4,601198156.59,65535,2,2,nan
300,1546723340.38,82,15286,12.704560716,6,64.0,0.5,2,65029681.5346,65535,4,4,nan
300,1546723640.54,79,11069,12.9077557336,8,64.0,0.666666666667,3,5094116.02501,65535,5,5,nan
300,1546724542.88,1154,233192,2.73599238198,35,66.780104712,0.571428571429,7,11473517025.3,65535,23,29,nan
300,1546724842.91,1048,360540,1.63110534027,36,67.2286821705,0.5,8,15888.1808363,65535,20,27,56.6
300,1546725143.28,303,47758,5.06002218014,19,64.0,0.6,5,5159.34239151,65535,15,17,70.0
300,1546725443.28,262,58615,5.80916171814,15,64.0,0.6,5,177532.206937,65535,7,8,70.0
300,1546725743.3,165,30879,7.82866294412,17,64.0,0.6,5,560851216.295,65535,8,8,nan
300,1546726043.3,57,5732,11.4170005484,8,64.0,0.666666666667,3,81516328.4976,65535,4,4,nan
300,1546726343.3,11,735,4.80938212313,3,64.0,1.0,1,187.23326209,448,0,0,nan
300,1546726643.32,39,12320,19.725597104,3,64.0,0.333333333333,3,2943.05861464,65535,2,3,nan
300,1546726943.32,156,31990,15.5172871978,12,64.0,0.5,4,31964096.7823,65535,8,9,70.0
300,1546727243.33,22,1505,17.7826018688,7,64.0,1.0,2,156512385.664,1090,0,0,nan
300,1546727543.78,65,10649,14.188585914,11,64.0,0.75,4,149302106.297,65535,2,2,nan
300,1546728444.32,22,6829,17.2201623361,3,64.0,0.333333333333,3,0.913909097335,65535,2,2,nan
300,1546729045.73,92,54966,18.1310990347,5,64.0,0.5,2,1685750.52863,65535,3,3,nan
300,1546729346.9,152,27903,5.83847546282,13,64.0,0.666666666667,3,962456077.602,65535,9,9,nan
300,1546729647.06,86,13437,10.5753070047,12,64.0,0.5,2,4861.50559661,65535,3,3,nan
300,1546729948.43,180,22926,7.65135616902,11,64.0,0.666666666667,3,629176882.062,65535,9,10,nan
300,1546730248.95,77,14031,14.6599076128,10,64.0,0.5,2,60735064.2883,65535,4,4,nan
300,1546730549.54,35,3058,18.2576264026,7,64.0,0.6,5,3629170.5624,65535,3,3,70.0
300,1546730850.64,16,1160,26.9625330545,5,64.0,0.6,5,33724.9191912,416,1,1,nan
300,1546731150.81,68,15620,14.2173647907,6,64.0,0.666666666667,3,109044446.04,65535,3,3,nan
300,1546731450.81,184,34566,9.1035605677,11,64.0,0.75,4,165791976.714,65535,8,8,nan
300,1546731751.45,248,44769,5.70637739821,12,64.0,0.5,4,55497363.2479,65535,6,6,nan
300,1546732051.76,163,33739,7.96228015138,13,64.0,0.5,6,392779839.998,65535,10,11,70.0
300,1546732352.11,46,4115,21.2488270685,10,64.0,0.8,5,58180914.7244,65535,1,1,nan
300,1546732652.11,24,1642,18.6918886005,5,64.0,1.0,2,127607053.118,416,0,0,nan
300,1546732952.13,45,8300,12.1917209519,6,64.0,0.666666666667,3,23800789.2392,65535,1,1,nan
300,1546733253.2,236,40673,5.3385553378,8,64.0,0.666666666667,3,48823130.2017,65535,5,5,70.0
300,1546733553.3,99,24343,12.7360534423,10,64.0,0.5,4,617742426.835,65535,5,6,nan
300,1546733853.51,185,31911,6.43460489157,14,64.0,0.5,4,186947468.414,65535,4,4,nan
300,1546734153.59,113,18702,9.22700662951,11,64.0,0.5,6,27853243.8417,65535,6,6,70.0
300,1546734454.32,139,17556,5.34478538854,11,64.0,0.8,5,41462109.7462,65535,5,5,nan
300,1546734754.99,37,8060,22.8198971124,6,64.0,0.666666666667,3,19370553.4038,65535,1,1,nan
300,1546735056.55,82,9299,6.02399594978,10,64.0,0.666666666667,3,9463332.07155,65535,2,4,nan
300,1546735357.17,88,12213,10.745238504,6,64.0,0.666666666667,3,32538524.1399,65535,5,5,nan
300,1546735657.18,127,20017,10.0498398513,12,64.0,0.5,4,21787217.9192,65535,10,10,70.0
300,1546735957.38,33,3202,26.8451516029,5,64.0,0.75,4,52065704.1835,65535,1,1,nan
300,1546736257.49,47,10889,6.32090136616,6,64.0,0.333333333333,3,28563870.1558,65535,1,1,nan
300,1546736558.35,157,47668,6.13204441887,12,64.0,0.75,4,951091673.484,65535,5,5,nan
300,1546736858.38,31,4245,26.4599110238,4,64.0,0.5,2,371211.547393,65535,2,2,nan
300,1546737460.21,56,14271,13.056430308,6,64.0,0.5,2,35384486.8825,65535,3,5,nan
300,1546738060.26,65,8300,4.85968052559,6,64.0,0.75,4,6223765.87682,65535,3,8,104.0
300,1546738360.7,41,10069,32.1390032919,5,64.0,0.666666666667,3,10086319.9279,65535,1,1,nan
300,1546738660.72,25,2674,14.7780328885,6,64.0,0.666666666667,3,7862002.51943,65535,1,1,nan
300,1546738960.72,84,21529,7.03387792455,7,64.0,0.666666666667,3,173967355.536,65535,3,3,nan
300,1546739261.09,212,171297,8.23404561681,13,64.0,0.5,4,33396419.3434,65535,7,7,70.0
300,1546739561.22,45,6553,16.3076826332,7,64.0,0.666666666667,3,1217794.60406,65535,2,2,nan
300,1546739861.49,16,1129,15.1584890584,4,64.0,1.0,1,1517346.75015,406,0,0,nan
300,1546740161.91,54,20432,19.3058151345,7,64.0,0.666666666667,3,676513.605289,65535,2,2,nan
300,1546740462.28,42,12667,12.2506683476,8,64.0,0.5,4,12660373.127,413,1,1,nan
300,1546740762.29,229,21985,9.95318076782,11,64.0,0.75,4,21650958.5474,65535,8,8,70.0
300,1546741064.59,46,8514,15.3246426866,9,64.0,0.666666666667,3,5473939.33814,65535,1,1,nan
300,1546741365.77,26,5923,0.514108893552,4,64.0,0.5,2,470.293114584,65535,2,2,nan
300,1546741967.3,93,22080,19.2841202834,8,64.0,0.5,2,20533714.6533,65535,5,6,nan
300,1546742267.32,37,2483,13.9568097042,7,64.0,1.0,3,3884.76208036,1836,0,0,nan
300,1546742867.32,115,17514,7.48769613445,13,64.0,0.6,5,30843658.0216,65535,8,8,70.0
300,1546743167.33,26,1867,19.2111263844,7,64.0,1.0,4,13196536.657,459,0,0,nan
300,1546743467.33,10,745,11.7101138742,1,64.0,1.0,1,6386.12387483,351,0,0,nan
300,1546743767.33,297,55183,3.79013675033,13,64.0,0.75,4,51171483.4897,65535,14,14,31.0
300,1546744067.35,116,18777,7.0751696232,16,64.0,0.5,4,10418625.9521,65535,2,4,nan
300,1546744367.35,172,21328,5.17695369449,14,64.0,0.666666666667,3,93517744.737,65535,8,9,nan
300,1546744667.49,48,10118,11.9069279021,8,64.0,0.666666666667,3,2833503.87996,65535,2,2,nan
300,1546744969.8,107,12810,6.17766946583,10,64.0,0.5,4,124088815.375,65535,7,7,70.0
300,1546745270.55,160,22517,6.24272324086,13,64.0,0.75,4,94166123.3715,65535,5,5,70.0
300,1546745570.97,8983,12030490,0.738869870324,13,64.0,0.666666666667,3,30319619915.2,65535,7,7,nan
300,1546745870.98,78423,109035512,0.00666095675073,10,64.0,0.5,2,87871.2698882,65535,1,1,nan
300,1546746170.99,47526,66791978,0.380253535052,15,64.0215488215,0.4,5,9260157765.28,65535,10,11,nan
300,1546746471.4,3899,3550053,1.3154353002,12,64.2634422434,0.5,4,8427003080.17,65535,3,3,nan
300,1546746771.49,28,1910,17.8727858652,5,64.0,1.0,2,3770703.47117,604,0,0,nan
300,1546747372.4,2491,311042,0.712853734418,25,67.3748981255,0.5,6,4519399886.43,65535,15,23,nan
300,1546747672.42,75,17299,9.77571203189,11,79.0588235294,0.4,5,13365534.2686,65535,3,3,nan
300,1546747972.42,41,4899,18.21025856,8,95.0810810811,0.5,4,1763359.61951,65535,2,2,nan
300,1546748272.42,19,2321,22.0486233038,4,55.6,0.5,2,9835.76062023,65535,2,2,nan
300,1546748572.44,315,54172,4.98381162248,19,70.2272727273,0.5,8,503613964.155,65535,12,12,70.0
300,1546748872.44,29,5174,29.769752973,8,64.0,0.8,5,967031.600846,65535,1,1,nan
300,1546749172.44,213,32745,1.81746744918,11,89.1034482759,0.6,5,9958.22935156,65535,2,2,nan
300,1546749472.46,107,15622,11.4395140317,9,79.2079207921,0.666666666667,6,578071522.796,65535,1,1,nan
300,1546749772.46,17,2309,34.2854192156,4,64.0,0.5,2,14039.5983277,65535,2,2,nan
300,1546750072.46,77,17798,13.9114504208,7,64.0,0.333333333333,3,11296076.0961,65535,4,4,nan
300,1546750372.48,17,1474,0.943413615762,2,64.0,1.0,2,3.0166424904,65535,0,0,nan
300,1546750672.48,44216,3078344,0.333189946189,23,64.0952402498,0.571428571429,7,52733570808.6,65535,22,30,70.0
300,1546750972.48,335,50166,3.39314008278,18,72.903030303,0.428571428571,7,695192996.248,65535,9,12,70.0
300,1546755777.59,1972,231411,1.05827087975,32,64.0,0.571428571429,7,3154101046.68,65535,39,44,59.8333333333
300,1546756077.77,133,14169,4.22161088347,19,72.2580645161,0.714285714286,7,93634286.6943,65535,1,1,nan
600,1546715222.59,329,48172,13.5179158605,20,71.665615142,0.666666666667,9,10590976532.4,65535,11,12,70.0
600,1546715822.6,613,89354,6.70337696708,28,67.6053067993,0.7,10,1451848187.09,65535,26,26,70.0
600,1546716422.65,183,28863,18.507609943,15,82.2057142857,0.666666666667,6,877658347.54,65535,8,8,nan
600,1546717023.74,157,20793,11.3006857352,14,97.6714285714,0.666666666667,6,8215332323.52,65535,1,2,nan
600,1546717624.34,134,51563,24.5862797492,10,69.9076923077,0.5,4,318007122.86,65535,6,6,nan
600,1546718224.42,353,63970,10.08017669,19,80.8882352941,0.555555555556,9,14561013794.3,65535,14,14,70.0
600,1546718825.28,331,37595,8.82884432308,19,63.214953271,0.75,4,73749459.5393,65535,11,12,70.0
600,1546719427.14,219,43687,16.2082747334,17,74.9523809524,0.571428571429,7,286241537.191,65535,7,8,nan
600,1546720027.51,483,68059,3.65451273568,24,93.2735229759,0.666666666667,6,44280.9864004,65535,14,20,nan
600,1546720627.61,92,13220,27.1325880818,13,79.1904761905,0.5,4,2112536560.07,65535,3,3,nan
600,1546721227.87,103,27072,26.2016533727,9,64.0,0.5,4,50127304.2267,65535,5,5,nan
600,1546721829.51,240,81781,7.39072822557,14,88.0263157895,0.6,5,15460311247.0,65535,7,7,nan
600,1546722439.58,129,19753,15.1806104709,12,74.7226890756,0.5,4,658500787.802,65535,2,2,nan
600,1546723040.0,83,15399,33.4765264796,6,64.0,0.5,2,65029681.5346,65535,4,4,nan
600,1546723640.13,87,11549,23.0741775757,8,64.0,0.666666666667,3,21338284.0276,65535,5,5,nan
600,1546724242.16,1153,233033,5.93652529137,35,66.451048951,0.571428571429,7,11473517025.3,65535,23,29,nan
600,1546724842.19,1344,405990,3.11136865506,44,66.8179059181,0.5,10,21217.4041358,65535,26,44,62.5555555556
600,1546725442.5,436,92074,6.59473224471,24,64.0,0.571428571429,7,994722589.525,65535,13,16,70.0
600,1546726042.54,68,6467,19.0645054221,9,64.0,0.666666666667,3,419646458.35,65535,4,4,nan
600,1546726642.57,195,44310,17.881418723,13,64.0,0.4,5,98529825.149,65535,10,12,70.0
600,1546727242.57,87,12154,16.2694469085,11,64.0,0.75,4,442993370.822,65535,2,2,nan
600,1546727842.73,12,819,50.2721434409,3,64.0,1.0,3,26528074.1347,733,0,0,nan
600,1546728442.74,22,6829,17.2201623361,3,64.0,0.333333333333,3,0.913909097335,65535,2,2,nan
600,1546729042.8,244,82869,13.5728664365,13,64.0,0.666666666667,3,2055633397.89,65535,12,12,nan
600,1546729643.08,266,36363,9.16805215365,18,64.0,0.666666666667,3,2248581620.55,65535,12,13,nan
600,1546730243.31,112,17089,16.8240667939,13,64.0,0.6,5,2488731944.69,65535,7,7,70.0
600,1546730843.36,68,11128,22.867711976,8,64.0,0.6,5,29150988.207,65535,3,3,nan
600,1546731443.36,448,84987,7.23813306229,17,64.0,0.6,5,738576552.748,65535,15,15,nan
600,1546732043.91,209,37854,12.438632393,18,64.0,0.571428571429,7,488570605.026,65535,10,12,70.0
600,1546732646.42,69,9942,17.1020895758,9,64.0,0.75,4,278735965.528,65535,1,1,nan
600,1546733246.42,335,65016,8.82242022038,14,64.0,0.6,5,2200248601.6,65535,9,11,70.0
600,1546733847.15,293,50232,8.40564471217,20,64.0,0.5,6,237940263.215,65535,10,10,70.0
600,1546734447.15,181,25997,12.6594939238,15,64.0,0.8,5,77615521.9801,65535,6,6,nan
600,1546735047.17,170,21512,9.35298797995,11,64.0,0.666666666667,3,42922596.8437,65535,6,9,nan
600,1546735647.18,160,23219,15.4984337291,13,64.0,0.6,5,87003014.6297,65535,11,11,70.0
600,1546736247.45,204,58557,10.9776317496,16,64.0,0.6,5,1189065987.3,65535,6,6,nan
600,1546736847.53,31,4245,26.4599110238,4,64.0,0.5,2,371211.547393,65535,2,2,nan
600,1546737447.53,61,14639,43.4376545117,6,64.0,0.5,2,66721547.9717,65535,3,5,nan
600,1546738047.54,107,18411,26.0205612999,8,64.0,0.75,4,28679695.6453,65535,4,9,104.0
600,1546738647.6,109,24203,19.8573284377,11,64.0,0.75,4,467037902.286,65535,4,4,nan
600,1546739247.76,257,177850,10.770664459,15,64.0,0.5,4,449033063.039,65535,9,9,70.0
600,1546739848.0,70,21561,25.7689767947,11,64.0,0.666666666667,3,24133126.5098,65535,2,2,nan
600,1546740448.02,259,32255,11.1394462047,16,64.0,0.6,5,135636421.17,65535,8,8,70.0
600,1546741048.74,84,16834,32.7565447609,12,64.0,0.666666666667,3,25979525.8309,65535,4,4,nan
600,1546741651.5,87,17726,25.3460469822,7,64.0,0.5,2,9694738.21628,65535,4,5,nan
600,1546742252.32,52,7442,45.4109518779,9,64.0,0.75,4,718948443.778,65535,1,1,nan
600,1546742852.32,144,19555,12.5411848884,15,64.0,0.666666666667,6,220095601.247,65535,8,8,70.0
600,1546743452.34,306,55849,19.0187997377,14,64.0,0.8,5,221635349.56,65535,13,13,31.0
600,1546744052.35,289,40184,7.10298677624,22,64.0,0.5,4,243541326.595,65535,9,14,nan
600,1546744652.35,132,18361,18.572910056,15,64.0,0.5,4,25978988.6098,65535,7,7,70.0
600,1546745252.37,5508,7102991,2.05512005216,21,64.0,0.6,5,9428417481.58,65535,14,14,70.0
600,1546745852.37,129600,180781599,0.162129368963,20,64.0079022101,0.4,5,5001861522.81,65535,11,12,nan
600,1546746452.39,3934,3552437,2.09365038029,14,64.2614245596,0.6,5,25906409759.8,65535,3,3,nan
600,1546747052.4,2499,311576,5.01475062018,26,67.3694060212,0.5,6,13653812006.4,65535,15,23,nan
600,1546747652.42,116,22198,17.2550611838,14,84.7047619048,0.4,5,25579197.6969,65535,4,5,nan
600,1546748252.43,331,56307,8.52758105785,20,69.5825545171,0.5,8,507150374.082,65535,14,14,70.0
600,1546748852.44,202,32274,14.9310085288,14,89.0744680851,0.714285714286,7,23479831423.7,65535,3,3,nan
600,1546749452.46,167,23762,14.5788952449,13,76.2948717949,0.666666666667,6,3304701244.94,65535,3,3,nan
600,1546750052.47,94,19272,36.1481111454,8,64.0,0.6,5,12076991.2049,65535,4,4,nan
600,1546750652.48,44551,3128510,0.445897156292,32,64.1605065792,0.5,8,2.75104941666e+11,65535,28,42,70.0
600,1546755452.57,1972,231411,1.05827087975,32,64.0,0.571428571429,7,3154101046.68,65535,39,44,59.8333333333
600,1546756052.59,133,14169,4.22161088347,19,72.2580645161,0.714285714286,7,93634286.6943,65535,1,1,nan
1200,1546715222.59,942,137526,10.9103519918,39,69.0043478261,0.666666666667,12,35370911575.3,65535,34,38,70.0
1200,1546716422.65,340,49656,15.6045204396,18,89.0793650794,0.714285714286,7,86268186847.8,65535,8,10,nan
1200,1546717624.34,487,115533,15.4795590227,20,77.8510638298,0.555555555556,9,19767272834.0,65535,17,20,70.0
1200,1546718825.28,550,81282,12.30418822,28,67.856873823,0.571428571429,7,3145683322.73,65535,17,20,70.0
1200,1546720027.51,575,81279,11.4713086241,24,91.0868761553,0.666666666667,6,52872711733.9,65535,16,23,nan
1200,1546721227.87,340,108628,17.5098772859,19,80.959752322,0.5,6,56530080903.2,65535,10,12,nan
1200,1546722428.7,195,28706,27.4278498517,15,71.0497237569,0.5,4,2508090758.37,65535,5,5,nan
1200,1546723628.76,1260,251253,9.63826197225,37,66.2576489533,0.571428571429,7,39069357539.5,65535,25,35,nan
1200,1546724828.83,1762,493935,4.19569741773,51,66.1643356643,0.5,10,2112485961.69,65535,31,59,63.9090909091
1200,1546726028.86,266,52930,26.4978885274,19,64.0,0.5,6,2672025439.67,65535,13,16,70.0
1200,1546727228.86,114,14949,26.0235101165,11,64.0,0.75,4,1027201605.33,65535,3,3,nan
1200,1546728429.06,253,88816,30.4200007707,14,64.0,0.5,4,1157323056.95,65535,13,14,nan
1200,1546729632.06,391,54334,11.8562675597,24,64.0,0.666666666667,6,27556702878.4,65535,18,20,70.0
1200,1546730832.06,516,96115,11.05488756,21,64.0,0.571428571429,7,10942134266.8,65535,18,18,nan
1200,1546732032.11,278,47796,13.9708534098,18,64.0,0.571428571429,7,900308169.137,65535,10,13,70.0
1200,1546733232.13,625,115043,8.37312723769,24,64.0,0.571428571429,7,21625501038.1,65535,18,21,70.0
1200,1546734432.15,340,46727,13.9648581728,23,64.0,0.8,5,1336914097.12,65535,11,15,nan
1200,1546735632.18,378,82763,13.1683953462,21,64.0,0.5,6,14966439518.7,65535,16,17,70.0
1200,1546736832.2,92,18884,60.4367315638,7,64.0,0.5,2,104295771.802,65535,4,7,nan
1200,1546738032.23,216,42614,23.9037039249,14,64.0,0.75,4,4321176880.06,65535,8,13,104.0
1200,1546739232.26,327,199411,15.5911845886,18,64.0,0.6,5,777638811.891,65535,10,11,70.0
1200,1546740432.27,343,49089,18.9857221504,20,64.0,0.6,5,185464187.921,65535,12,12,70.0
1200,1546741632.31,135,24904,23.4033553138,14,64.0,0.75,4,873816897.983,65535,5,6,nan
1200,1546742832.32,283,50231,23.0750212439,17,64.0,0.666666666667,6,599429828.572,65535,10,11,70.0
1200,1546744032.33,592,83982,10.4590611171,30,64.0,0.4,5,3364065545.9,65535,24,31,44.0
1200,1546745232.37,135108,187884590,0.4447315531,32,64.0075806929,0.5,8,1.26439219828e+12,65535,20,26,70.0
1200,1546746432.39,6410,3861505,3.85494441586,27,65.4650503778,0.5,6,1.1692025873e+11,65535,16,26,nan
1200,1546747632.41,465,80632,15.160314336,24,72.9324324324,0.5,8,11260752644.8,65535,16,19,70.0
1200,1546748832.45,374,56417,14.6589237953,19,83.0028653295,0.714285714286,7,58627010393.1,65535,5,6,nan
1200,1546750032.46,44645,3147782,1.74703058877,37,64.1601936308,0.555555555556,9,6.32328090382e+11,65535,30,46,70.0
1200,1546754832.55,1951,228237,0.969818089415,32,64.0,0.571428571429,7,2698778935.07,65535,39,43,59.8333333333
1200,1546756032.59,154,17343,4.76305718778,19,71.1608391608,0.714285714286,7,527736219.818,65535,2,2,nan
